0,1,2,3,4,5,6,7,8,9,10,11,12,13,14,15,16,17,18,19,20,21,22,23,24,25,26,27,28,29,30,31,32,33,34,35,36,37,38,39,40,41,42,43,44,45,46,47,48,49
"[452653.14816575206, 453587.37133776565, 414118.148343262, 2687.9362160178175]","[421115.63685065845, 423299.6197698689, 414118.148343262, 2687.9362160178175]","[457863.09908335155, 458254.55450015987, 414118.148343262, 2687.9362160178175]","[433551.0400851976, 434924.678896921, 414118.148343262, 2687.9362160178175]","[437981.12184715964, 438766.37625370495, 414118.148343262, 2687.9362160178175]","[429562.4389764357, 428657.63620164857, 414118.148343262, 2687.9362160178175]","[426833.4642518016, 428493.14228836395, 414118.148343262, 2687.9362160178175]","[434816.0688439093, 435540.07900288934, 414118.148343262, 2687.9362160178175]","[433389.3053577253, 435137.64391955896, 414118.148343262, 2687.9362160178175]","[436546.05868669716, 437305.0315959421, 414118.148343262, 2687.9362160178175]","[436469.399062319, 435455.7410202375, 414118.148343262, 2687.9362160178175]","[427520.35268347204, 430390.9510525675, 414118.148343262, 2687.9362160178175]","[441788.69031771383, 442920.8157717827, 414118.148343262, 2687.9362160178175]","[437945.93433627335, 437312.10586168483, 414118.148343262, 2687.9362160178175]","[431492.47375608253, 434611.8605517147, 414118.148343262, 2687.9362160178175]","[431366.57989455643, 434202.49707152916, 414118.148343262, 2687.9362160178175]","[441952.3502692417, 444967.19557665836, 414118.148343262, 2687.9362160178175]","[451713.3958756587, 451925.7509015365, 414118.148343262, 2687.9362160178175]","[429629.00469335826, 431622.97517067153, 414118.148343262, 2687.9362160178175]","[453812.37700791954, 455211.1668432547, 414118.148343262, 2687.9362160178175]","[450045.7467050799, 453006.01042078924, 414118.148343262, 2687.9362160178175]","[458645.9876987254, 457044.315379643, 414118.148343262, 2687.9362160178175]","[462423.6212848704, 462291.31000023044, 414118.148343262, 2687.9362160178175]","[442547.8296529659, 440495.66702291946, 414118.148343262, 2687.9362160178175]","[433913.0767235651, 434133.5342612648, 414118.148343262, 2687.9362160178175]","[435188.022138973, 435379.24188299, 414118.148343262, 2687.9362160178175]","[435781.4819949498, 436462.6230575389, 414118.148343262, 2687.9362160178175]","[421744.5959463956, 423135.7112972487, 414118.148343262, 2687.9362160178175]","[437013.0571204943, 437796.30382065126, 414118.148343262, 2687.9362160178175]","[451620.56811311666, 451646.78951387876, 414118.148343262, 2687.9362160178175]","[441157.3646336786, 441203.9997400058, 414118.148343262, 2687.9362160178175]","[463581.08142086095, 466384.3935160837, 414118.148343262, 2687.9362160178175]","[426180.73359981185, 426087.3418986564, 414118.148343262, 2687.9362160178175]","[451614.0294042386, 452265.476195929, 414118.148343262, 2687.9362160178175]","[429082.52138705703, 428933.096931108, 414118.148343262, 2687.9362160178175]","[420685.97480775224, 422704.1857920529, 414118.148343262, 2687.9362160178175]","[440946.18781192397, 440463.85038982594, 414118.148343262, 2687.9362160178175]","[435737.1342609237, 434162.07281696936, 414118.148343262, 2687.9362160178175]","[438919.2961942084, 440052.45780483144, 414118.148343262, 2687.9362160178175]","[435711.38790125266, 436963.4763869652, 414118.148343262, 2687.9362160178175]","[429628.3094785332, 430155.4877489564, 414118.148343262, 2687.9362160178175]","[455831.634432396, 452611.47877853573, 414118.148343262, 2687.9362160178175]","[437820.52625120134, 439355.35863063374, 414118.148343262, 2687.9362160178175]","[428968.34579871676, 429061.74931481516, 414118.148343262, 2687.9362160178175]","[442155.0835567969, 448640.4410306435, 414118.148343262, 2687.9362160178175]","[446077.2346422113, 444599.1255101227, 414118.148343262, 2687.9362160178175]","[454983.5780248801, 455698.1481207514, 414118.148343262, 2687.9362160178175]","[490555.07977599656, 489663.6490567091, 414118.148343262, 2687.9362160178175]","[451216.8317503262, 453118.42988916487, 414118.148343262, 2687.9362160178175]","[437288.4280036197, 437790.24617411423, 414118.148343262, 2687.9362160178175]"
"[426607.9538682726, 425339.3982047959, 410779.8485696522, 2691.3481682167358]","[448052.98095534596, 455660.22865504073, 410779.8485696522, 2691.3481682167358]","[423837.42440703366, 424301.4871957767, 410779.8485696522, 2691.3481682167358]","[423017.69403241214, 423627.2828543275, 410779.8485696522, 2691.3481682167358]","[437464.20176433865, 437533.4542455809, 410779.8485696522, 2691.3481682167358]","[435373.6649745506, 437797.22223052726, 410779.8485696522, 2691.3481682167358]","[469878.4495608738, 469360.5944386636, 410779.8485696522, 2691.3481682167358]","[478363.85521710955, 479937.65250713605, 410779.8485696522, 2691.3481682167358]","[431620.62640312285, 432531.13420793874, 410779.8485696522, 2691.3481682167358]","[473882.06446737004, 474312.6978568371, 410779.8485696522, 2691.3481682167358]","[433087.33452697727, 432257.9835145463, 410779.8485696522, 2691.3481682167358]","[437825.95582183, 437391.3613310098, 410779.8485696522, 2691.3481682167358]","[441134.54726681334, 440535.9348059939, 410779.8485696522, 2691.3481682167358]","[423180.01191318984, 423279.19333651866, 410779.8485696522, 2691.3481682167358]","[462014.1334107687, 463696.9795515181, 410779.8485696522, 2691.3481682167358]","[432587.76599978266, 430576.9169797309, 410779.8485696522, 2691.3481682167358]","[434517.6183385288, 432731.05917008856, 410779.8485696522, 2691.3481682167358]","[424242.22721062123, 422539.8129709445, 410779.8485696522, 2691.3481682167358]","[430815.99508385936, 427208.52822216076, 410779.8485696522, 2691.3481682167358]","[433319.4832491304, 433409.53215965076, 410779.8485696522, 2691.3481682167358]","[422152.73108006944, 421675.60050882574, 410779.8485696522, 2691.3481682167358]","[438408.862391435, 437259.66666046507, 410779.8485696522, 2691.3481682167358]","[455477.69912412105, 456625.6144654172, 410779.8485696522, 2691.3481682167358]","[423876.50561092055, 422429.9759999312, 410779.8485696522, 2691.3481682167358]","[435800.617585913, 437235.9209530842, 410779.8485696522, 2691.3481682167358]","[460005.9503023871, 459657.3161149437, 410779.8485696522, 2691.3481682167358]","[420437.02362599113, 417500.4250740253, 410779.8485696522, 2691.3481682167358]","[430278.78259233054, 431239.7129835703, 410779.8485696522, 2691.3481682167358]","[442891.66302873613, 441296.6626080675, 410779.8485696522, 2691.3481682167358]","[441296.69366900605, 439617.7346260112, 410779.8485696522, 2691.3481682167358]","[429842.98618736793, 430146.98050168337, 410779.8485696522, 2691.3481682167358]","[444688.15781611815, 442648.052279506, 410779.8485696522, 2691.3481682167358]","[426314.8692909395, 424834.0340418452, 410779.8485696522, 2691.3481682167358]","[469041.2955332294, 474583.02753730124, 410779.8485696522, 2691.3481682167358]","[433135.97835341754, 434454.7785880847, 410779.8485696522, 2691.3481682167358]","[458069.6230082989, 460042.86906457285, 410779.8485696522, 2691.3481682167358]","[422514.08320681663, 422627.2230298814, 410779.8485696522, 2691.3481682167358]","[427276.28235861234, 428029.3135591375, 410779.8485696522, 2691.3481682167358]","[451576.97171609063, 451363.20746066363, 410779.8485696522, 2691.3481682167358]","[424995.9497155388, 424770.4506238666, 410779.8485696522, 2691.3481682167358]","[424963.8692283741, 425002.8792360797, 410779.8485696522, 2691.3481682167358]","[478287.32935568865, 478909.56170905626, 410779.8485696522, 2691.3481682167358]","[482211.42216091766, 485118.37104997673, 410779.8485696522, 2691.3481682167358]","[437377.547760619, 436673.2039214764, 410779.8485696522, 2691.3481682167358]","[440633.908000818, 441334.2067317538, 410779.8485696522, 2691.3481682167358]","[448263.9001846422, 443126.37356781244, 410779.8485696522, 2691.3481682167358]","[453193.5091921271, 451920.79504041694, 410779.8485696522, 2691.3481682167358]","[428973.9973522931, 427277.5111311042, 410779.8485696522, 2691.3481682167358]","[462400.31715040683, 463300.89888879814, 410779.8485696522, 2691.3481682167358]","[449020.8052099559, 450636.48805930605, 410779.8485696522, 2691.3481682167358]"
"[471987.2738156446, 467275.30879383185, 406219.78621881135, 2667.202370946421]","[439241.1134362481, 437262.14816266246, 406219.78621881135, 2667.202370946421]","[443057.3081077217, 441904.1004786389, 406219.78621881135, 2667.202370946421]","[449613.8562135747, 451409.68867514166, 406219.78621881135, 2667.202370946421]","[420164.2950576895, 425302.36899558705, 406219.78621881135, 2667.202370946421]","[428660.1246126722, 429053.5699289595, 406219.78621881135, 2667.202370946421]","[419157.53885601636, 421677.019352979, 406219.78621881135, 2667.202370946421]","[464742.98889820225, 465180.16353457107, 406219.78621881135, 2667.202370946421]","[455001.70464092254, 455884.5346871248, 406219.78621881135, 2667.202370946421]","[424487.5415876633, 426247.78790917905, 406219.78621881135, 2667.202370946421]","[444633.69916028733, 445166.5385474026, 406219.78621881135, 2667.202370946421]","[447865.05009704566, 449242.98790228844, 406219.78621881135, 2667.202370946421]","[435378.3318680012, 433421.9848815427, 406219.78621881135, 2667.202370946421]","[433195.4025474084, 431590.1767936015, 406219.78621881135, 2667.202370946421]","[423659.9595409047, 421354.61962212983, 406219.78621881135, 2667.202370946421]","[432322.828961493, 432881.8148438051, 406219.78621881135, 2667.202370946421]","[429296.4759255287, 430933.6977283177, 406219.78621881135, 2667.202370946421]","[456098.5364395487, 465685.7038198954, 406219.78621881135, 2667.202370946421]","[416651.1543900655, 416908.5351052414, 406219.78621881135, 2667.202370946421]","[426374.164951053, 427770.8017344568, 406219.78621881135, 2667.202370946421]","[429719.0341295211, 429180.5378916973, 406219.78621881135, 2667.202370946421]","[429629.4312106577, 429544.9348023138, 406219.78621881135, 2667.202370946421]","[439344.16588912235, 439273.4430228816, 406219.78621881135, 2667.202370946421]","[446508.47144806426, 443985.63743333606, 406219.78621881135, 2667.202370946421]","[423330.1160627891, 423992.9465081971, 406219.78621881135, 2667.202370946421]","[447056.4793185372, 452137.51017308456, 406219.78621881135, 2667.202370946421]","[436307.6283690624, 439303.4791261109, 406219.78621881135, 2667.202370946421]","[423818.2416007578, 422425.46668097907, 406219.78621881135, 2667.202370946421]","[429941.2078342965, 434369.54583725106, 406219.78621881135, 2667.202370946421]","[463303.4842798861, 463755.15428477275, 406219.78621881135, 2667.202370946421]","[427974.35393902374, 425709.3311123123, 406219.78621881135, 2667.202370946421]","[435063.8674884692, 436047.93088316225, 406219.78621881135, 2667.202370946421]","[432680.69011163653, 437216.74945893185, 406219.78621881135, 2667.202370946421]","[452690.50325170945, 454943.98963173816, 406219.78621881135, 2667.202370946421]","[414411.3967120437, 416525.97745501774, 406219.78621881135, 2667.202370946421]","[423658.103872768, 423277.65168304124, 406219.78621881135, 2667.202370946421]","[424828.20348242414, 425344.815116071, 406219.78621881135, 2667.202370946421]","[418421.8067774564, 418539.0078664145, 406219.78621881135, 2667.202370946421]","[429537.65941469016, 427033.21294078825, 406219.78621881135, 2667.202370946421]","[452493.26887199184, 445185.943263329, 406219.78621881135, 2667.202370946421]","[416034.818719841, 416310.2114156521, 406219.78621881135, 2667.202370946421]","[436423.71699866635, 438474.1320886525, 406219.78621881135, 2667.202370946421]","[425094.3222603076, 424868.72417052864, 406219.78621881135, 2667.202370946421]","[451498.6985010144, 460449.6684308086, 406219.78621881135, 2667.202370946421]","[416251.1954231223, 418655.1968620232, 406219.78621881135, 2667.202370946421]","[435674.8621673478, 438152.0861796344, 406219.78621881135, 2667.202370946421]","[430583.2987411459, 429788.26786266355, 406219.78621881135, 2667.202370946421]","[433883.8313093329, 432646.7907859215, 406219.78621881135, 2667.202370946421]","[419893.72458646307, 420339.9989725391, 406219.78621881135, 2667.202370946421]","[424190.9344960796, 421619.8028305722, 406219.78621881135, 2667.202370946421]"
"[421053.91876422166, 420917.7150971587, 404253.6203764709, 2656.504843415071]","[421432.3010006487, 421323.6522840519, 404253.6203764709, 2656.504843415071]","[437272.3873209084, 436679.007611384, 404253.6203764709, 2656.504843415071]","[449433.2144236527, 451221.3013812986, 404253.6203764709, 2656.504843415071]","[432220.4177515679, 430565.6024531208, 404253.6203764709, 2656.504843415071]","[427117.6689037961, 427614.5725760773, 404253.6203764709, 2656.504843415071]","[410745.1606183131, 413211.72658949654, 404253.6203764709, 2656.504843415071]","[418333.8742567802, 416697.4662493861, 404253.6203764709, 2656.504843415071]","[428692.641217479, 430810.1702313456, 404253.6203764709, 2656.504843415071]","[428590.4845537106, 430933.63199117343, 404253.6203764709, 2656.504843415071]","[419920.1485253773, 419734.41376830504, 404253.6203764709, 2656.504843415071]","[415564.26116585033, 414822.61242269, 404253.6203764709, 2656.504843415071]","[432247.67041062744, 430537.24323018995, 404253.6203764709, 2656.504843415071]","[454371.26751245325, 457729.657852468, 404253.6203764709, 2656.504843415071]","[434310.27578898176, 433440.8676567946, 404253.6203764709, 2656.504843415071]","[420294.4986890459, 420428.9557585863, 404253.6203764709, 2656.504843415071]","[432313.9725557831, 433177.90498669643, 404253.6203764709, 2656.504843415071]","[440681.67524071696, 442404.48919691605, 404253.6203764709, 2656.504843415071]","[421579.11789133167, 420758.73587314977, 404253.6203764709, 2656.504843415071]","[423491.7160095702, 423923.4770967439, 404253.6203764709, 2656.504843415071]","[418036.62803070294, 422927.40416820295, 404253.6203764709, 2656.504843415071]","[420826.93836608663, 421166.03531977395, 404253.6203764709, 2656.504843415071]","[419964.9798501405, 419865.6708890497, 404253.6203764709, 2656.504843415071]","[419561.6543610547, 423834.61970789, 404253.6203764709, 2656.504843415071]","[429881.00091477734, 429700.504640935, 404253.6203764709, 2656.504843415071]","[429357.70923981443, 429192.52596315765, 404253.6203764709, 2656.504843415071]","[437041.9572505049, 436174.2117640122, 404253.6203764709, 2656.504843415071]","[453780.6839531104, 454584.6858262086, 404253.6203764709, 2656.504843415071]","[477757.29205379775, 478350.22732526937, 404253.6203764709, 2656.504843415071]","[431970.3402529341, 437113.0723405666, 404253.6203764709, 2656.504843415071]","[425299.39647170936, 427594.0131528116, 404253.6203764709, 2656.504843415071]","[420523.8238600147, 422510.8632448399, 404253.6203764709, 2656.504843415071]","[425084.34012239595, 425593.9411642723, 404253.6203764709, 2656.504843415071]","[420632.988923512, 421292.1715280964, 404253.6203764709, 2656.504843415071]","[441152.82944374206, 442820.26779609587, 404253.6203764709, 2656.504843415071]","[447976.85977839195, 449135.3199090188, 404253.6203764709, 2656.504843415071]","[454713.9524009873, 455634.56132830225, 404253.6203764709, 2656.504843415071]","[423029.12081866, 424670.1020293822, 404253.6203764709, 2656.504843415071]","[438817.1733070448, 438221.77747744316, 404253.6203764709, 2656.504843415071]","[449009.27046865463, 444006.12012164557, 404253.6203764709, 2656.504843415071]","[422080.23998273537, 424876.32897356147, 404253.6203764709, 2656.504843415071]","[427288.92023449164, 429834.8940701851, 404253.6203764709, 2656.504843415071]","[414294.2433964579, 416529.94680290524, 404253.6203764709, 2656.504843415071]","[437614.13669235556, 438375.77890145173, 404253.6203764709, 2656.504843415071]","[428525.06195598136, 428845.9845768239, 404253.6203764709, 2656.504843415071]","[442064.76889846206, 445785.32935639494, 404253.6203764709, 2656.504843415071]","[413425.7559877834, 413870.11723210465, 404253.6203764709, 2656.504843415071]","[420006.1493941176, 421751.49782909465, 404253.6203764709, 2656.504843415071]","[430262.2614714972, 429981.50234256673, 404253.6203764709, 2656.504843415071]","[454001.23372206057, 452757.46332590294, 404253.6203764709, 2656.504843415071]"
"[434013.07798038085, 434346.9517220045, 415367.2800743661, 2703.4513552219964]","[428943.11078436184, 429127.61421469925, 415367.2800743661, 2703.4513552219964]","[437099.7466352403, 437152.5785780117, 415367.2800743661, 2703.4513552219964]","[432923.9693449645, 434992.858572742, 415367.2800743661, 2703.4513552219964]","[449097.4346079194, 453451.84234897036, 415367.2800743661, 2703.4513552219964]","[432462.2479789619, 435381.7821982604, 415367.2800743661, 2703.4513552219964]","[427551.9769378157, 428362.5075848692, 415367.2800743661, 2703.4513552219964]","[483984.88358077354, 485648.5142637146, 415367.2800743661, 2703.4513552219964]","[457205.194128021, 458092.1269832408, 415367.2800743661, 2703.4513552219964]","[438046.98902585125, 440796.60087466764, 415367.2800743661, 2703.4513552219964]","[443900.80837807857, 442654.08207721065, 415367.2800743661, 2703.4513552219964]","[428674.45768159576, 430523.0759268035, 415367.2800743661, 2703.4513552219964]","[452657.99777939764, 451002.9691943157, 415367.2800743661, 2703.4513552219964]","[428551.3422527141, 431341.58204435254, 415367.2800743661, 2703.4513552219964]","[427174.30072295584, 427826.17516351125, 415367.2800743661, 2703.4513552219964]","[448021.8162288211, 451475.8233423287, 415367.2800743661, 2703.4513552219964]","[451867.621231909, 451746.6863230392, 415367.2800743661, 2703.4513552219964]","[454445.89506536315, 458381.0879506364, 415367.2800743661, 2703.4513552219964]","[438368.2514351453, 439312.53307638265, 415367.2800743661, 2703.4513552219964]","[457109.60135176295, 458457.26976712514, 415367.2800743661, 2703.4513552219964]","[429287.37584633747, 428857.6933357804, 415367.2800743661, 2703.4513552219964]","[441918.883588748, 439045.64849358966, 415367.2800743661, 2703.4513552219964]","[438890.7184142505, 438005.1585062077, 415367.2800743661, 2703.4513552219964]","[440106.39388106787, 441784.6412151028, 415367.2800743661, 2703.4513552219964]","[443967.97617521475, 444113.8020175728, 415367.2800743661, 2703.4513552219964]","[437570.8563488145, 438552.8348754186, 415367.2800743661, 2703.4513552219964]","[443588.1635328222, 444505.72079955216, 415367.2800743661, 2703.4513552219964]","[438144.03532241716, 438311.2637832625, 415367.2800743661, 2703.4513552219964]","[430377.0414839791, 431782.0809460024, 415367.2800743661, 2703.4513552219964]","[443261.40296308626, 443763.646442524, 415367.2800743661, 2703.4513552219964]","[427427.1698005874, 428589.45153562486, 415367.2800743661, 2703.4513552219964]","[429614.334455711, 432384.49919760955, 415367.2800743661, 2703.4513552219964]","[426873.7685239943, 427817.70371078973, 415367.2800743661, 2703.4513552219964]","[456994.9168928685, 457890.039662595, 415367.2800743661, 2703.4513552219964]","[468061.45962273073, 458463.60720007494, 415367.2800743661, 2703.4513552219964]","[441693.6280498667, 442551.1727800493, 415367.2800743661, 2703.4513552219964]","[462138.6265945409, 461215.6550115202, 415367.2800743661, 2703.4513552219964]","[458014.0160658939, 455568.8264808285, 415367.2800743661, 2703.4513552219964]","[450326.0852700367, 447165.3697744903, 415367.2800743661, 2703.4513552219964]","[478814.0898736012, 462186.536921725, 415367.2800743661, 2703.4513552219964]","[420385.09723219555, 425907.71785471635, 415367.2800743661, 2703.4513552219964]","[440417.4735943194, 441557.0692813726, 415367.2800743661, 2703.4513552219964]","[431496.2676879914, 431948.360554242, 415367.2800743661, 2703.4513552219964]","[459770.7769917588, 461762.3497588496, 415367.2800743661, 2703.4513552219964]","[434893.1406687683, 437562.09732897364, 415367.2800743661, 2703.4513552219964]","[436795.9825702077, 436547.32806523185, 415367.2800743661, 2703.4513552219964]","[470102.33286158554, 466621.3823383264, 415367.2800743661, 2703.4513552219964]","[448143.9668261072, 448161.1616781307, 415367.2800743661, 2703.4513552219964]","[441918.47725767846, 444379.84286179417, 415367.2800743661, 2703.4513552219964]","[435591.8874602803, 435827.4688864391, 415367.2800743661, 2703.4513552219964]"
"[454365.07509257196, 456551.1081783383, 433216.53113939514, 2716.777362028101]","[451368.670054717, 452955.9676109188, 433216.53113939514, 2716.777362028101]","[459531.5991601399, 461080.81384534657, 433216.53113939514, 2716.777362028101]","[483679.26038326835, 490097.42017927533, 433216.53113939514, 2716.777362028101]","[473513.95061500673, 476124.36223689694, 433216.53113939514, 2716.777362028101]","[460529.3942635315, 457344.83064831194, 433216.53113939514, 2716.777362028101]","[514052.17845873546, 491725.6960101947, 433216.53113939514, 2716.777362028101]","[456547.9801801318, 459933.36311998416, 433216.53113939514, 2716.777362028101]","[478223.0335207106, 475810.2973689615, 433216.53113939514, 2716.777362028101]","[453085.1451774769, 455056.3267800892, 433216.53113939514, 2716.777362028101]","[447176.65928654734, 449083.3982338553, 433216.53113939514, 2716.777362028101]","[467945.47667183995, 471757.0745688502, 433216.53113939514, 2716.777362028101]","[444435.68349830835, 447455.1296199145, 433216.53113939514, 2716.777362028101]","[446763.4727806994, 449161.3393941632, 433216.53113939514, 2716.777362028101]","[462741.37318233005, 465527.1020188931, 433216.53113939514, 2716.777362028101]","[464857.2398617164, 465761.93154577084, 433216.53113939514, 2716.777362028101]","[468766.67245817103, 471312.7642362747, 433216.53113939514, 2716.777362028101]","[451016.72815513104, 451040.6863669618, 433216.53113939514, 2716.777362028101]","[474721.4948237819, 475339.81003613636, 433216.53113939514, 2716.777362028101]","[450168.1783367098, 451295.8474096384, 433216.53113939514, 2716.777362028101]","[455245.5900927183, 455321.98269383615, 433216.53113939514, 2716.777362028101]","[446011.03302843706, 448165.6078988087, 433216.53113939514, 2716.777362028101]","[460229.0210865344, 464116.8150454504, 433216.53113939514, 2716.777362028101]","[448748.91204316233, 448911.9137357017, 433216.53113939514, 2716.777362028101]","[450026.397072597, 451848.34215927636, 433216.53113939514, 2716.777362028101]","[486486.99893269554, 494576.63591205544, 433216.53113939514, 2716.777362028101]","[446582.703642666, 450296.68703598436, 433216.53113939514, 2716.777362028101]","[446448.1767621169, 447962.52341028844, 433216.53113939514, 2716.777362028101]","[493223.36855741596, 492744.2906878097, 433216.53113939514, 2716.777362028101]","[453871.2043880569, 455160.913358119, 433216.53113939514, 2716.777362028101]","[446422.4750467316, 448127.18255791377, 433216.53113939514, 2716.777362028101]","[464530.914726461, 463559.8549099051, 433216.53113939514, 2716.777362028101]","[462818.3963423232, 466708.59654686024, 433216.53113939514, 2716.777362028101]","[477990.84258056, 479385.7403114882, 433216.53113939514, 2716.777362028101]","[450087.9458943637, 454576.64096551784, 433216.53113939514, 2716.777362028101]","[457226.3993459358, 458256.943895066, 433216.53113939514, 2716.777362028101]","[469539.8636392042, 470263.15944374376, 433216.53113939514, 2716.777362028101]","[449607.4187145264, 451958.0294077573, 433216.53113939514, 2716.777362028101]","[472481.22456941596, 474472.78708145, 433216.53113939514, 2716.777362028101]","[456291.0018876731, 458388.48194894433, 433216.53113939514, 2716.777362028101]","[487033.0244914941, 486742.4157598848, 433216.53113939514, 2716.777362028101]","[448936.25045757, 452171.76403630606, 433216.53113939514, 2716.777362028101]","[462229.83951418404, 461544.39291777875, 433216.53113939514, 2716.777362028101]","[466181.28674654674, 467309.86012277316, 433216.53113939514, 2716.777362028101]","[502604.82561390597, 502241.0925199412, 433216.53113939514, 2716.777362028101]","[461049.24841323873, 457550.8552175184, 433216.53113939514, 2716.777362028101]","[451504.363917286, 452162.17906617804, 433216.53113939514, 2716.777362028101]","[441248.42980625376, 444759.02694307687, 433216.53113939514, 2716.777362028101]","[449771.31265244074, 452699.0011843763, 433216.53113939514, 2716.777362028101]","[462762.2419514927, 469228.2294688794, 433216.53113939514, 2716.777362028101]"
"[453062.3077380253, 450432.0874419412, 429164.5887283386, 2838.216089804292]","[460011.8964179336, 463826.1277328184, 429164.5887283386, 2838.216089804292]","[444515.44201085827, 445850.0647473643, 429164.5887283386, 2838.216089804292]","[453749.58581522864, 449948.109328974, 429164.5887283386, 2838.216089804292]","[453618.7454579657, 454061.475170657, 429164.5887283386, 2838.216089804292]","[457193.4674412331, 457574.5763926946, 429164.5887283386, 2838.216089804292]","[479387.85019331274, 474442.89739189413, 429164.5887283386, 2838.216089804292]","[443285.9104397214, 444800.6580281206, 429164.5887283386, 2838.216089804292]","[447038.987758865, 447292.3050533169, 429164.5887283386, 2838.216089804292]","[461734.2688281614, 462660.61432804394, 429164.5887283386, 2838.216089804292]","[441586.90389973926, 440689.75005063234, 429164.5887283386, 2838.216089804292]","[465501.3457633503, 464915.1934396618, 429164.5887283386, 2838.216089804292]","[449608.90965331125, 449970.9068677649, 429164.5887283386, 2838.216089804292]","[436662.45333183394, 437296.29221954435, 429164.5887283386, 2838.216089804292]","[487151.00240494066, 487319.2781177794, 429164.5887283386, 2838.216089804292]","[482885.9906880417, 483343.92405464046, 429164.5887283386, 2838.216089804292]","[455278.68235533265, 454244.65209535597, 429164.5887283386, 2838.216089804292]","[441940.97016121435, 445160.0639721845, 429164.5887283386, 2838.216089804292]","[454765.77908860607, 454819.8121116645, 429164.5887283386, 2838.216089804292]","[447808.49583711475, 453264.0109741003, 429164.5887283386, 2838.216089804292]","[463250.26646073343, 462726.6704191076, 429164.5887283386, 2838.216089804292]","[454011.6333685805, 451806.35981612327, 429164.5887283386, 2838.216089804292]","[472129.38315761293, 473126.3154267377, 429164.5887283386, 2838.216089804292]","[454831.60679806944, 450650.84445009613, 429164.5887283386, 2838.216089804292]","[478690.6916556706, 479168.6858773444, 429164.5887283386, 2838.216089804292]","[533521.9548609715, 542182.0666324077, 429164.5887283386, 2838.216089804292]","[466191.78646177874, 465223.8921849146, 429164.5887283386, 2838.216089804292]","[459277.63781723037, 458765.61171319336, 429164.5887283386, 2838.216089804292]","[465733.6703313075, 465483.6270504233, 429164.5887283386, 2838.216089804292]","[457791.88022389356, 458537.5339195466, 429164.5887283386, 2838.216089804292]","[458981.7852039764, 458209.011925792, 429164.5887283386, 2838.216089804292]","[452948.57385994046, 452826.6098301329, 429164.5887283386, 2838.216089804292]","[471565.6290358672, 472721.24220877676, 429164.5887283386, 2838.216089804292]","[443751.9398825994, 444778.20204013237, 429164.5887283386, 2838.216089804292]","[443861.1438560807, 443073.19236441853, 429164.5887283386, 2838.216089804292]","[443433.5414086697, 444282.6773875443, 429164.5887283386, 2838.216089804292]","[469000.3482575062, 469426.5045423565, 429164.5887283386, 2838.216089804292]","[448527.4411371314, 452043.84656330216, 429164.5887283386, 2838.216089804292]","[443523.9019036044, 443774.0478793861, 429164.5887283386, 2838.216089804292]","[461295.6071036417, 461742.8361578323, 429164.5887283386, 2838.216089804292]","[470188.746197855, 469969.69311009755, 429164.5887283386, 2838.216089804292]","[451905.23462203384, 449416.12250546564, 429164.5887283386, 2838.216089804292]","[460694.4162162962, 456926.68641207495, 429164.5887283386, 2838.216089804292]","[472232.21620828693, 466468.58467308, 429164.5887283386, 2838.216089804292]","[438491.2043461516, 439476.3675914038, 429164.5887283386, 2838.216089804292]","[443938.1020352762, 444520.8128867422, 429164.5887283386, 2838.216089804292]","[462776.63634627464, 462110.2033158982, 429164.5887283386, 2838.216089804292]","[438543.0234641367, 439262.83563687466, 429164.5887283386, 2838.216089804292]","[451161.2944606083, 453013.6696108083, 429164.5887283386, 2838.216089804292]","[461621.37741587695, 461592.6000514814, 429164.5887283386, 2838.216089804292]"
"[422975.50074822165, 423013.8342022636, 406512.75389393244, 2661.225078664468]","[430352.65650475543, 432870.6618236753, 406512.75389393244, 2661.225078664468]","[423405.11521739967, 424944.79258117423, 406512.75389393244, 2661.225078664468]","[424836.52204200835, 425168.08079820377, 406512.75389393244, 2661.225078664468]","[432676.1739207403, 433322.6087788579, 406512.75389393244, 2661.225078664468]","[433124.41630298976, 437660.9223708625, 406512.75389393244, 2661.225078664468]","[420526.881509704, 422153.2961134261, 406512.75389393244, 2661.225078664468]","[436622.88682496874, 437660.50961232587, 406512.75389393244, 2661.225078664468]","[417294.2759496614, 418294.9572403976, 406512.75389393244, 2661.225078664468]","[423456.944337639, 422367.28080650815, 406512.75389393244, 2661.225078664468]","[433545.43571719836, 428573.9466450264, 406512.75389393244, 2661.225078664468]","[423560.3646491087, 423231.4295837063, 406512.75389393244, 2661.225078664468]","[460503.25915441714, 459539.1633468222, 406512.75389393244, 2661.225078664468]","[429920.911479225, 432138.7908155297, 406512.75389393244, 2661.225078664468]","[421459.0244376384, 421917.51307301817, 406512.75389393244, 2661.225078664468]","[427452.4649886509, 427098.89043878, 406512.75389393244, 2661.225078664468]","[430036.70829601603, 427024.3335785655, 406512.75389393244, 2661.225078664468]","[429039.90105626563, 430706.52128243656, 406512.75389393244, 2661.225078664468]","[420238.9369139035, 420754.69778601767, 406512.75389393244, 2661.225078664468]","[425469.6581738001, 427779.00973377895, 406512.75389393244, 2661.225078664468]","[431646.7519476278, 430911.6824323253, 406512.75389393244, 2661.225078664468]","[444603.67405035585, 445272.19982301013, 406512.75389393244, 2661.225078664468]","[418413.39410330687, 419084.4730887993, 406512.75389393244, 2661.225078664468]","[428726.59041560185, 428764.451025651, 406512.75389393244, 2661.225078664468]","[442306.15980442974, 443173.18148531055, 406512.75389393244, 2661.225078664468]","[434394.36286513665, 435133.57736241445, 406512.75389393244, 2661.225078664468]","[422613.5949382743, 422342.31197863247, 406512.75389393244, 2661.225078664468]","[426531.3262563138, 426878.4590787653, 406512.75389393244, 2661.225078664468]","[428900.97854628216, 428222.68707394926, 406512.75389393244, 2661.225078664468]","[426860.169432204, 427313.92266672355, 406512.75389393244, 2661.225078664468]","[444974.7590264976, 441357.67994517024, 406512.75389393244, 2661.225078664468]","[430104.8822040888, 430377.2683808152, 406512.75389393244, 2661.225078664468]","[429032.1185544399, 431750.1275937577, 406512.75389393244, 2661.225078664468]","[427883.53756977594, 427844.2639510549, 406512.75389393244, 2661.225078664468]","[421777.68846211163, 423406.35034271516, 406512.75389393244, 2661.225078664468]","[440931.16540206526, 439642.80165211187, 406512.75389393244, 2661.225078664468]","[419955.490935838, 420078.92365093844, 406512.75389393244, 2661.225078664468]","[422768.5825656856, 423323.5835017121, 406512.75389393244, 2661.225078664468]","[438729.7732194666, 435361.9975235074, 406512.75389393244, 2661.225078664468]","[427893.5831920745, 428683.73295205325, 406512.75389393244, 2661.225078664468]","[421838.8719270427, 423977.2038910098, 406512.75389393244, 2661.225078664468]","[430420.2619663721, 429276.7279554488, 406512.75389393244, 2661.225078664468]","[448726.2383665136, 448529.9813754473, 406512.75389393244, 2661.225078664468]","[458940.7310629308, 459501.32910478284, 406512.75389393244, 2661.225078664468]","[431052.75460864714, 432567.0781309075, 406512.75389393244, 2661.225078664468]","[424986.92040725594, 424669.30711839703, 406512.75389393244, 2661.225078664468]","[419545.16588791506, 420657.49676967727, 406512.75389393244, 2661.225078664468]","[440158.218556804, 439829.93298633484, 406512.75389393244, 2661.225078664468]","[416193.9775339196, 416975.2412878232, 406512.75389393244, 2661.225078664468]","[416596.45227785327, 417740.8893757721, 406512.75389393244, 2661.225078664468]"
"[457698.36087933736, 463048.64736330754, 438981.7066691323, 2766.9666291176254]","[454176.12578078394, 456881.1004773392, 438981.7066691323, 2766.9666291176254]","[489299.32841979957, 487611.5081487003, 438981.7066691323, 2766.9666291176254]","[462820.0779741229, 464833.2190366475, 438981.7066691323, 2766.9666291176254]","[459300.23396473617, 460991.50110303133, 438981.7066691323, 2766.9666291176254]","[458577.41783437453, 458145.40100805304, 438981.7066691323, 2766.9666291176254]","[463050.8891844132, 460759.20571016334, 438981.7066691323, 2766.9666291176254]","[455227.17071409425, 459819.9560972329, 438981.7066691323, 2766.9666291176254]","[487140.07837970066, 488366.7124920923, 438981.7066691323, 2766.9666291176254]","[455576.0393759571, 457872.8632278514, 438981.7066691323, 2766.9666291176254]","[470091.4618726191, 471368.80192803463, 438981.7066691323, 2766.9666291176254]","[476643.6728403652, 478856.9844437584, 438981.7066691323, 2766.9666291176254]","[494562.8896506256, 505014.39662605774, 438981.7066691323, 2766.9666291176254]","[454013.40731764125, 456932.06168688316, 438981.7066691323, 2766.9666291176254]","[459538.58283395227, 462930.58014314587, 438981.7066691323, 2766.9666291176254]","[488259.7869197219, 488422.10807855404, 438981.7066691323, 2766.9666291176254]","[457310.25594779314, 464472.0973375896, 438981.7066691323, 2766.9666291176254]","[475026.55002246605, 472308.6614850252, 438981.7066691323, 2766.9666291176254]","[458543.086903685, 463922.98049889226, 438981.7066691323, 2766.9666291176254]","[462919.27201583155, 463206.08685019426, 438981.7066691323, 2766.9666291176254]","[516284.45373414416, 518951.2419876294, 438981.7066691323, 2766.9666291176254]","[453919.88733289135, 453410.53125738475, 438981.7066691323, 2766.9666291176254]","[465199.4068148185, 469534.9638503905, 438981.7066691323, 2766.9666291176254]","[473896.5127942543, 475506.5030234844, 438981.7066691323, 2766.9666291176254]","[461231.36232455197, 461413.5000262129, 438981.7066691323, 2766.9666291176254]","[464133.492831716, 465748.60826903017, 438981.7066691323, 2766.9666291176254]","[473060.6635603752, 475757.59273883107, 438981.7066691323, 2766.9666291176254]","[479133.62011747615, 479179.4163498685, 438981.7066691323, 2766.9666291176254]","[447602.43922427006, 452055.90446202323, 438981.7066691323, 2766.9666291176254]","[468008.89154300815, 474604.72886089014, 438981.7066691323, 2766.9666291176254]","[482161.9032273489, 481572.91417731787, 438981.7066691323, 2766.9666291176254]","[472642.6801736924, 479581.5313886633, 438981.7066691323, 2766.9666291176254]","[462810.0037366652, 463639.08207105845, 438981.7066691323, 2766.9666291176254]","[460830.64428895724, 460471.01065417466, 438981.7066691323, 2766.9666291176254]","[472750.60854062845, 471793.03960430156, 438981.7066691323, 2766.9666291176254]","[484182.8494115149, 485544.48015998845, 438981.7066691323, 2766.9666291176254]","[457007.26882984256, 459269.53602000186, 438981.7066691323, 2766.9666291176254]","[482340.6456425789, 483829.33950841345, 438981.7066691323, 2766.9666291176254]","[448694.9367480005, 455229.43763838866, 438981.7066691323, 2766.9666291176254]","[455620.4782938857, 460848.57659521734, 438981.7066691323, 2766.9666291176254]","[452796.95678124134, 458919.5509393745, 438981.7066691323, 2766.9666291176254]","[514437.69504261727, 513533.06135870214, 438981.7066691323, 2766.9666291176254]","[461027.2337161335, 468598.35836205387, 438981.7066691323, 2766.9666291176254]","[462279.26594801486, 462263.5935978571, 438981.7066691323, 2766.9666291176254]","[459161.8788922568, 464234.62741627113, 438981.7066691323, 2766.9666291176254]","[457124.49849897396, 460024.5384238266, 438981.7066691323, 2766.9666291176254]","[461014.9808443262, 463047.55190712924, 438981.7066691323, 2766.9666291176254]","[459601.5430837224, 462355.4300026999, 438981.7066691323, 2766.9666291176254]","[485350.3142231119, 493644.0875245032, 438981.7066691323, 2766.9666291176254]","[467328.27477675915, 471059.8877398487, 438981.7066691323, 2766.9666291176254]"
"[423239.702592143, 423924.5111348437, 405261.323930369, 2609.8153620394755]","[436099.42390868143, 433348.2514055795, 405261.323930369, 2609.8153620394755]","[424413.4920547965, 421780.9643973712, 405261.323930369, 2609.8153620394755]","[431264.904697476, 430362.61475106905, 405261.323930369, 2609.8153620394755]","[426178.5968028083, 424985.18075276475, 405261.323930369, 2609.8153620394755]","[459504.95114187035, 449274.8240107668, 405261.323930369, 2609.8153620394755]","[428782.7030885945, 431493.1482554776, 405261.323930369, 2609.8153620394755]","[423764.5776640902, 423916.3180265765, 405261.323930369, 2609.8153620394755]","[469259.52009773644, 470178.98211066966, 405261.323930369, 2609.8153620394755]","[432350.48180493136, 432441.59039597644, 405261.323930369, 2609.8153620394755]","[420481.93909485947, 421035.54158964887, 405261.323930369, 2609.8153620394755]","[450348.42115732643, 450415.8777922957, 405261.323930369, 2609.8153620394755]","[416961.749554068, 417587.4275679194, 405261.323930369, 2609.8153620394755]","[420033.9253971374, 419433.4251060171, 405261.323930369, 2609.8153620394755]","[462556.00405921676, 462785.2855071711, 405261.323930369, 2609.8153620394755]","[415974.2742923453, 416299.86887975887, 405261.323930369, 2609.8153620394755]","[423907.1401321256, 421719.99559326784, 405261.323930369, 2609.8153620394755]","[434938.3328081265, 433670.4702404038, 405261.323930369, 2609.8153620394755]","[459599.6086938215, 459408.63723902986, 405261.323930369, 2609.8153620394755]","[427221.13086984307, 426826.585612061, 405261.323930369, 2609.8153620394755]","[426653.58375625586, 428069.1883431078, 405261.323930369, 2609.8153620394755]","[418892.3154858173, 420456.66284983524, 405261.323930369, 2609.8153620394755]","[432257.5857485165, 433011.5183824523, 405261.323930369, 2609.8153620394755]","[415770.94678871916, 417972.7546438667, 405261.323930369, 2609.8153620394755]","[439036.50123561994, 439057.1446262061, 405261.323930369, 2609.8153620394755]","[445316.37878823426, 447771.346341846, 405261.323930369, 2609.8153620394755]","[453477.4019316165, 453761.6950915816, 405261.323930369, 2609.8153620394755]","[454371.1615019145, 455290.98623722064, 405261.323930369, 2609.8153620394755]","[421380.28296269744, 425274.2142050175, 405261.323930369, 2609.8153620394755]","[417670.3322887801, 420337.3741825843, 405261.323930369, 2609.8153620394755]","[437425.9379826008, 435898.64467407495, 405261.323930369, 2609.8153620394755]","[430861.00562893564, 432304.61389311374, 405261.323930369, 2609.8153620394755]","[448108.83999651344, 449015.74768718064, 405261.323930369, 2609.8153620394755]","[419421.00110029185, 420104.57258220215, 405261.323930369, 2609.8153620394755]","[470074.4236626797, 468486.28756272513, 405261.323930369, 2609.8153620394755]","[451696.50967152044, 452204.6794830426, 405261.323930369, 2609.8153620394755]","[441557.2952882492, 443303.1855288858, 405261.323930369, 2609.8153620394755]","[422557.6806775003, 425473.119126377, 405261.323930369, 2609.8153620394755]","[434956.454128279, 433773.46875185374, 405261.323930369, 2609.8153620394755]","[416382.18961949495, 417904.4163298336, 405261.323930369, 2609.8153620394755]","[419836.4191607761, 420539.7898409227, 405261.323930369, 2609.8153620394755]","[443418.3663837013, 444253.6995192182, 405261.323930369, 2609.8153620394755]","[423193.26403933915, 417542.8122151427, 405261.323930369, 2609.8153620394755]","[420213.7608504201, 418096.7954176224, 405261.323930369, 2609.8153620394755]","[431372.8602393874, 434489.1650255438, 405261.323930369, 2609.8153620394755]","[435545.2317348582, 431240.82001810666, 405261.323930369, 2609.8153620394755]","[421988.9585663708, 423985.6013134809, 405261.323930369, 2609.8153620394755]","[430249.971890134, 430976.3118122769, 405261.323930369, 2609.8153620394755]","[448096.22258505336, 448358.2242904078, 405261.323930369, 2609.8153620394755]","[425194.64553092344, 425826.91068239755, 405261.323930369, 2609.8153620394755]"
"[460876.16185086855, 461148.32919902925, 434774.03790571244, 2808.771563261882]","[448303.90821451583, 449197.7593182816, 434774.03790571244, 2808.771563261882]","[461473.77281293785, 462498.4101602452, 434774.03790571244, 2808.771563261882]","[457655.8943462106, 458478.0501091192, 434774.03790571244, 2808.771563261882]","[450099.2119791336, 452763.3852838964, 434774.03790571244, 2808.771563261882]","[468794.5434970745, 471969.007675419, 434774.03790571244, 2808.771563261882]","[455626.21365277586, 455534.1597725597, 434774.03790571244, 2808.771563261882]","[453123.3196116136, 453444.55379589193, 434774.03790571244, 2808.771563261882]","[471562.8973822611, 474904.3054250619, 434774.03790571244, 2808.771563261882]","[450327.39946018363, 450936.91706324235, 434774.03790571244, 2808.771563261882]","[465379.3296974604, 464590.47259610676, 434774.03790571244, 2808.771563261882]","[456843.1834768645, 457036.35204577935, 434774.03790571244, 2808.771563261882]","[460341.47940456256, 463938.4004220521, 434774.03790571244, 2808.771563261882]","[457504.69782452786, 457158.515597759, 434774.03790571244, 2808.771563261882]","[448066.0921553566, 448205.9586573616, 434774.03790571244, 2808.771563261882]","[465153.74560545455, 468909.37349530024, 434774.03790571244, 2808.771563261882]","[455050.51745275053, 458749.56125274464, 434774.03790571244, 2808.771563261882]","[460120.465456266, 463214.8493404999, 434774.03790571244, 2808.771563261882]","[448828.79121079063, 449429.8581210239, 434774.03790571244, 2808.771563261882]","[456662.53278255445, 459050.3653880428, 434774.03790571244, 2808.771563261882]","[451600.4292160448, 451625.92055026203, 434774.03790571244, 2808.771563261882]","[459641.42332520644, 462833.00997335045, 434774.03790571244, 2808.771563261882]","[473554.40842485765, 473676.3482053716, 434774.03790571244, 2808.771563261882]","[453651.73324866797, 454180.3737670607, 434774.03790571244, 2808.771563261882]","[476943.71547105996, 481377.4405441783, 434774.03790571244, 2808.771563261882]","[454955.3394731927, 456421.38168850745, 434774.03790571244, 2808.771563261882]","[452262.5305353313, 453544.4565900957, 434774.03790571244, 2808.771563261882]","[465433.51516564045, 467631.0339774277, 434774.03790571244, 2808.771563261882]","[466299.62560324435, 464016.2401957324, 434774.03790571244, 2808.771563261882]","[452449.55857002916, 453100.843568649, 434774.03790571244, 2808.771563261882]","[445364.70843676955, 446985.0708730458, 434774.03790571244, 2808.771563261882]","[454136.2039476817, 453310.01005607477, 434774.03790571244, 2808.771563261882]","[458975.89849156426, 463068.8863350388, 434774.03790571244, 2808.771563261882]","[467234.8303284718, 469690.3421579446, 434774.03790571244, 2808.771563261882]","[474621.3223676552, 473482.47594555956, 434774.03790571244, 2808.771563261882]","[445183.4474583915, 448985.49041023507, 434774.03790571244, 2808.771563261882]","[448602.8858467282, 451175.0892042774, 434774.03790571244, 2808.771563261882]","[462502.20197616925, 464485.7402034488, 434774.03790571244, 2808.771563261882]","[449061.14182594285, 447373.0060421655, 434774.03790571244, 2808.771563261882]","[455051.0458772969, 455356.5832400002, 434774.03790571244, 2808.771563261882]","[457388.7625371197, 455513.144035736, 434774.03790571244, 2808.771563261882]","[457700.9902187513, 458506.6148176846, 434774.03790571244, 2808.771563261882]","[468353.5246978182, 466996.3391510733, 434774.03790571244, 2808.771563261882]","[496184.64542576467, 496687.4888969433, 434774.03790571244, 2808.771563261882]","[449650.58206971653, 448885.65632214316, 434774.03790571244, 2808.771563261882]","[451466.53193649236, 454002.16788535705, 434774.03790571244, 2808.771563261882]","[461578.50581022754, 460938.3766280124, 434774.03790571244, 2808.771563261882]","[509752.59581560665, 515021.4914394207, 434774.03790571244, 2808.771563261882]","[457461.674455039, 459540.9920986986, 434774.03790571244, 2808.771563261882]","[475348.4280097119, 465015.35554405395, 434774.03790571244, 2808.771563261882]"
"[452573.359899685, 453599.95104720496, 416306.059335596, 2717.5150424322414]","[447185.5853382542, 445389.1641824162, 416306.059335596, 2717.5150424322414]","[460618.4111855381, 460092.90377670585, 416306.059335596, 2717.5150424322414]","[431784.20147710276, 430947.17229692976, 416306.059335596, 2717.5150424322414]","[432821.287640662, 435553.2286919592, 416306.059335596, 2717.5150424322414]","[434468.00965064083, 435576.3865015287, 416306.059335596, 2717.5150424322414]","[437617.1652210458, 436748.7756719094, 416306.059335596, 2717.5150424322414]","[434572.4213174402, 434892.8211448826, 416306.059335596, 2717.5150424322414]","[442954.9476092187, 443480.42895214056, 416306.059335596, 2717.5150424322414]","[433201.3664654682, 435517.954238704, 416306.059335596, 2717.5150424322414]","[438973.8611808201, 443305.53617854597, 416306.059335596, 2717.5150424322414]","[432753.7836469097, 434342.27881115454, 416306.059335596, 2717.5150424322414]","[433666.6664896039, 434271.44276581565, 416306.059335596, 2717.5150424322414]","[427064.0172788626, 430522.07274799637, 416306.059335596, 2717.5150424322414]","[437193.19356519415, 438173.9628160465, 416306.059335596, 2717.5150424322414]","[482224.022238167, 479084.4297233038, 416306.059335596, 2717.5150424322414]","[493188.74312628194, 490688.24893688277, 416306.059335596, 2717.5150424322414]","[463862.7175908118, 459295.83695395885, 416306.059335596, 2717.5150424322414]","[425030.3284825647, 426927.7733563925, 416306.059335596, 2717.5150424322414]","[443713.2435574288, 441758.99983271986, 416306.059335596, 2717.5150424322414]","[449838.044140917, 449020.477915711, 416306.059335596, 2717.5150424322414]","[439708.4888458512, 440364.9322094195, 416306.059335596, 2717.5150424322414]","[436226.48797687824, 436995.1098635231, 416306.059335596, 2717.5150424322414]","[430318.61583756295, 435689.1290500993, 416306.059335596, 2717.5150424322414]","[433445.1926900643, 434260.3798693297, 416306.059335596, 2717.5150424322414]","[434849.69184602005, 435746.138540079, 416306.059335596, 2717.5150424322414]","[448494.9211270779, 448933.6550392566, 416306.059335596, 2717.5150424322414]","[432279.759369375, 430340.9450554472, 416306.059335596, 2717.5150424322414]","[424874.2780758228, 426590.04464358324, 416306.059335596, 2717.5150424322414]","[435144.07708662766, 433511.0589011685, 416306.059335596, 2717.5150424322414]","[443591.2902393112, 440099.88150058704, 416306.059335596, 2717.5150424322414]","[442134.29369990603, 443468.0133998329, 416306.059335596, 2717.5150424322414]","[438149.826288556, 439685.36910195067, 416306.059335596, 2717.5150424322414]","[431182.8342926625, 433764.3961894012, 416306.059335596, 2717.5150424322414]","[430365.56110553746, 431220.9711517989, 416306.059335596, 2717.5150424322414]","[472839.1375561396, 473312.9229928449, 416306.059335596, 2717.5150424322414]","[433948.86350744776, 435634.4353909692, 416306.059335596, 2717.5150424322414]","[429116.125841096, 429649.5800951924, 416306.059335596, 2717.5150424322414]","[445375.8721584211, 447996.33842881466, 416306.059335596, 2717.5150424322414]","[437171.9659478704, 436138.9908166708, 416306.059335596, 2717.5150424322414]","[432491.44362414593, 433757.30617264693, 416306.059335596, 2717.5150424322414]","[436899.05234600295, 437950.5081969039, 416306.059335596, 2717.5150424322414]","[490619.24732454587, 491966.63015119603, 416306.059335596, 2717.5150424322414]","[450840.89007622487, 451360.6152637233, 416306.059335596, 2717.5150424322414]","[431258.54305787256, 434714.0810675232, 416306.059335596, 2717.5150424322414]","[425305.9992164241, 427438.49281717045, 416306.059335596, 2717.5150424322414]","[481969.03922538855, 475110.3116771142, 416306.059335596, 2717.5150424322414]","[428667.52734028996, 429000.5854234745, 416306.059335596, 2717.5150424322414]","[429682.58678130095, 432040.4999717021, 416306.059335596, 2717.5150424322414]","[449581.7718229925, 448051.9397902971, 416306.059335596, 2717.5150424322414]"
"[452697.7312398874, 458564.6528068334, 433987.5429449633, 2845.0431603224997]","[455923.3480919441, 459941.1401252669, 433987.5429449633, 2845.0431603224997]","[464552.10893684276, 465846.79295222973, 433987.5429449633, 2845.0431603224997]","[449776.56280801777, 452049.97408385086, 433987.5429449633, 2845.0431603224997]","[498505.3453121378, 499176.3566190903, 433987.5429449633, 2845.0431603224997]","[470137.5987621281, 471179.5322430118, 433987.5429449633, 2845.0431603224997]","[490500.4648093352, 487181.3521336942, 433987.5429449633, 2845.0431603224997]","[449838.71699319733, 454118.785916705, 433987.5429449633, 2845.0431603224997]","[470350.61166696594, 471157.9377929345, 433987.5429449633, 2845.0431603224997]","[462091.25423971016, 463554.5034679787, 433987.5429449633, 2845.0431603224997]","[446373.53728021734, 448872.054160771, 433987.5429449633, 2845.0431603224997]","[466193.10589242005, 465215.1558125552, 433987.5429449633, 2845.0431603224997]","[454905.28222546075, 459127.9820725667, 433987.5429449633, 2845.0431603224997]","[471687.02676042356, 478683.44169547857, 433987.5429449633, 2845.0431603224997]","[440728.06036544894, 443808.124610686, 433987.5429449633, 2845.0431603224997]","[476768.2819594367, 477966.38529117417, 433987.5429449633, 2845.0431603224997]","[458980.824739771, 462252.4716345169, 433987.5429449633, 2845.0431603224997]","[464028.2027403078, 466772.99070152646, 433987.5429449633, 2845.0431603224997]","[472922.42164847517, 481298.4434809756, 433987.5429449633, 2845.0431603224997]","[474874.4109127272, 476829.5209829098, 433987.5429449633, 2845.0431603224997]","[465045.478662671, 466216.39466881513, 433987.5429449633, 2845.0431603224997]","[444692.2060850238, 444950.788038152, 433987.5429449633, 2845.0431603224997]","[446982.45184554503, 448213.1224994344, 433987.5429449633, 2845.0431603224997]","[450323.10202015867, 449859.7902514529, 433987.5429449633, 2845.0431603224997]","[475940.7070656077, 468326.22738972056, 433987.5429449633, 2845.0431603224997]","[463486.71435385104, 474126.8912329833, 433987.5429449633, 2845.0431603224997]","[474976.30050243717, 468407.4323740658, 433987.5429449633, 2845.0431603224997]","[457253.9749755289, 460549.2643955025, 433987.5429449633, 2845.0431603224997]","[483389.4176526884, 489290.89558791893, 433987.5429449633, 2845.0431603224997]","[467726.53412085125, 467820.4200677577, 433987.5429449633, 2845.0431603224997]","[479842.22093294165, 472172.49650811334, 433987.5429449633, 2845.0431603224997]","[454454.4762773269, 454842.18229449977, 433987.5429449633, 2845.0431603224997]","[477334.38115871826, 481094.5219881408, 433987.5429449633, 2845.0431603224997]","[468558.0036393979, 471549.6222278381, 433987.5429449633, 2845.0431603224997]","[454276.58844977187, 456964.35268032097, 433987.5429449633, 2845.0431603224997]","[477994.1572622431, 480217.7687079248, 433987.5429449633, 2845.0431603224997]","[483858.371616784, 483880.7247481267, 433987.5429449633, 2845.0431603224997]","[448806.38102530397, 449846.7742719455, 433987.5429449633, 2845.0431603224997]","[451747.91524497577, 452894.02596129605, 433987.5429449633, 2845.0431603224997]","[491478.36988181423, 494793.3414756066, 433987.5429449633, 2845.0431603224997]","[450826.0340195698, 450613.7492170958, 433987.5429449633, 2845.0431603224997]","[452773.31776350347, 454471.9911996503, 433987.5429449633, 2845.0431603224997]","[448417.38484567223, 453661.08885253954, 433987.5429449633, 2845.0431603224997]","[477594.78439632896, 488947.66319524706, 433987.5429449633, 2845.0431603224997]","[456257.7077284122, 457696.4837749246, 433987.5429449633, 2845.0431603224997]","[452436.1657091803, 455025.99916415825, 433987.5429449633, 2845.0431603224997]","[460106.3571847718, 463181.4304164403, 433987.5429449633, 2845.0431603224997]","[448655.3933277436, 452405.88612576725, 433987.5429449633, 2845.0431603224997]","[489669.68777946604, 488727.4378291611, 433987.5429449633, 2845.0431603224997]","[452303.7420540157, 454310.0982746132, 433987.5429449633, 2845.0431603224997]"
"[453721.8899529008, 453536.90283658606, 417574.76062435674, 2718.4161886817965]","[446330.97035921615, 447211.3884583628, 417574.76062435674, 2718.4161886817965]","[459185.7305371461, 459051.2284446033, 417574.76062435674, 2718.4161886817965]","[438998.9698189735, 439345.0254116415, 417574.76062435674, 2718.4161886817965]","[433976.659714004, 434233.0735153808, 417574.76062435674, 2718.4161886817965]","[473020.05949469423, 474762.84088060487, 417574.76062435674, 2718.4161886817965]","[438046.123635459, 437522.633198153, 417574.76062435674, 2718.4161886817965]","[445286.9747190091, 445750.5109111902, 417574.76062435674, 2718.4161886817965]","[431406.06408169767, 432539.89561063435, 417574.76062435674, 2718.4161886817965]","[436336.0811563946, 437464.61055416084, 417574.76062435674, 2718.4161886817965]","[434804.2515526526, 434544.65078546153, 417574.76062435674, 2718.4161886817965]","[504205.33530798124, 508127.80112894205, 417574.76062435674, 2718.4161886817965]","[435322.2934425871, 436796.8023017227, 417574.76062435674, 2718.4161886817965]","[430608.03198269196, 432878.03741267015, 417574.76062435674, 2718.4161886817965]","[428514.8728904332, 429754.65846728295, 417574.76062435674, 2718.4161886817965]","[441003.37789236516, 445246.89278763393, 417574.76062435674, 2718.4161886817965]","[439157.315193708, 438992.04862381076, 417574.76062435674, 2718.4161886817965]","[478979.6675403802, 478738.089272887, 417574.76062435674, 2718.4161886817965]","[443324.3605361303, 444200.02126931085, 417574.76062435674, 2718.4161886817965]","[446717.1599066647, 445471.9794464531, 417574.76062435674, 2718.4161886817965]","[454094.20944289776, 456530.51002398133, 417574.76062435674, 2718.4161886817965]","[433973.77657307417, 434879.3218085176, 417574.76062435674, 2718.4161886817965]","[438036.078623356, 438734.8969160784, 417574.76062435674, 2718.4161886817965]","[447695.14404940023, 449781.5801496808, 417574.76062435674, 2718.4161886817965]","[434251.43924693175, 435386.0463885853, 417574.76062435674, 2718.4161886817965]","[448082.8305031759, 448512.18794394063, 417574.76062435674, 2718.4161886817965]","[432872.9506590365, 434750.37301063805, 417574.76062435674, 2718.4161886817965]","[446807.5025177957, 446194.320371286, 417574.76062435674, 2718.4161886817965]","[434089.6133632693, 433791.6617992363, 417574.76062435674, 2718.4161886817965]","[436378.90621995926, 437000.74956869264, 417574.76062435674, 2718.4161886817965]","[461377.5979585689, 460540.717406905, 417574.76062435674, 2718.4161886817965]","[442662.3653676347, 445005.08617963095, 417574.76062435674, 2718.4161886817965]","[428350.4566245486, 430014.75337602576, 417574.76062435674, 2718.4161886817965]","[449818.88889771147, 451346.1812053374, 417574.76062435674, 2718.4161886817965]","[512682.09144323476, 512801.9654267002, 417574.76062435674, 2718.4161886817965]","[437767.042205611, 440122.1526962705, 417574.76062435674, 2718.4161886817965]","[430739.2799168771, 432529.2191394446, 417574.76062435674, 2718.4161886817965]","[430831.55829226965, 429617.25616332045, 417574.76062435674, 2718.4161886817965]","[465611.4164109099, 465165.09763225494, 417574.76062435674, 2718.4161886817965]","[434612.31511168723, 437495.729239484, 417574.76062435674, 2718.4161886817965]","[446863.94706117065, 448344.72123422136, 417574.76062435674, 2718.4161886817965]","[438600.0017330567, 440145.28384251706, 417574.76062435674, 2718.4161886817965]","[431242.4433448721, 430394.77905233845, 417574.76062435674, 2718.4161886817965]","[448312.5523863009, 449806.8305051578, 417574.76062435674, 2718.4161886817965]","[438832.3029050422, 437935.0564970213, 417574.76062435674, 2718.4161886817965]","[456314.01509175025, 458735.08999834297, 417574.76062435674, 2718.4161886817965]","[437752.8613302037, 438831.4945153799, 417574.76062435674, 2718.4161886817965]","[425982.84158000466, 427152.51560695935, 417574.76062435674, 2718.4161886817965]","[433243.8788279811, 432904.31339677837, 417574.76062435674, 2718.4161886817965]","[426698.91067968047, 426904.06587310537, 417574.76062435674, 2718.4161886817965]"
"[439076.5908725802, 443691.0701296618, 422441.5354097885, 2734.9307116388386]","[437129.677156731, 437540.8864223709, 422441.5354097885, 2734.9307116388386]","[440209.10265034164, 441092.1107200983, 422441.5354097885, 2734.9307116388386]","[451600.9209955748, 451743.9374274764, 422441.5354097885, 2734.9307116388386]","[442313.82383054466, 442759.0422821084, 422441.5354097885, 2734.9307116388386]","[463024.8996061711, 469964.7922907186, 422441.5354097885, 2734.9307116388386]","[447168.6207706531, 448120.28295742616, 422441.5354097885, 2734.9307116388386]","[445186.8112682442, 450177.0678783139, 422441.5354097885, 2734.9307116388386]","[442726.69164597767, 444260.6139611956, 422441.5354097885, 2734.9307116388386]","[459956.9879157496, 465369.81110336015, 422441.5354097885, 2734.9307116388386]","[458976.961220232, 460418.5912930278, 422441.5354097885, 2734.9307116388386]","[453584.26554930734, 454555.38877536566, 422441.5354097885, 2734.9307116388386]","[451706.7478531106, 448020.4231853355, 422441.5354097885, 2734.9307116388386]","[457227.66449682484, 459312.1487454006, 422441.5354097885, 2734.9307116388386]","[438246.969748286, 442931.7127126982, 422441.5354097885, 2734.9307116388386]","[474523.3645945392, 476785.88039153896, 422441.5354097885, 2734.9307116388386]","[439230.24761751754, 442271.9132464357, 422441.5354097885, 2734.9307116388386]","[442263.72398065974, 440402.70695945784, 422441.5354097885, 2734.9307116388386]","[442571.117531748, 443861.7146956932, 422441.5354097885, 2734.9307116388386]","[441500.92949691054, 440908.2963951245, 422441.5354097885, 2734.9307116388386]","[446168.05569289543, 441967.0332557621, 422441.5354097885, 2734.9307116388386]","[445634.49491672893, 449251.6305383662, 422441.5354097885, 2734.9307116388386]","[460757.33642955835, 460538.32815974986, 422441.5354097885, 2734.9307116388386]","[442421.0488387593, 445551.3514089384, 422441.5354097885, 2734.9307116388386]","[447982.52244386956, 456680.56040107756, 422441.5354097885, 2734.9307116388386]","[429767.3046539065, 432451.7973227788, 422441.5354097885, 2734.9307116388386]","[444159.1337094966, 448922.3697114197, 422441.5354097885, 2734.9307116388386]","[440528.4018421899, 439460.71726389945, 422441.5354097885, 2734.9307116388386]","[434592.5873940962, 435958.97226866876, 422441.5354097885, 2734.9307116388386]","[437678.2310953292, 443308.18218668306, 422441.5354097885, 2734.9307116388386]","[468628.83453679405, 469997.35943736875, 422441.5354097885, 2734.9307116388386]","[452316.1823691729, 459492.14594722656, 422441.5354097885, 2734.9307116388386]","[448502.04418501316, 456464.6855404484, 422441.5354097885, 2734.9307116388386]","[477261.4733457159, 474584.9583774323, 422441.5354097885, 2734.9307116388386]","[453373.6344632083, 456263.222257854, 422441.5354097885, 2734.9307116388386]","[438588.7263051822, 439943.1136124084, 422441.5354097885, 2734.9307116388386]","[468000.339825021, 466447.93262175337, 422441.5354097885, 2734.9307116388386]","[446726.1231428486, 450846.71921550814, 422441.5354097885, 2734.9307116388386]","[450519.4282043837, 455575.51241461205, 422441.5354097885, 2734.9307116388386]","[452548.9652087466, 453653.22115745366, 422441.5354097885, 2734.9307116388386]","[434594.86022718134, 435876.8049348467, 422441.5354097885, 2734.9307116388386]","[464653.6857416485, 463730.83517361997, 422441.5354097885, 2734.9307116388386]","[448194.5686875468, 448421.5189704062, 422441.5354097885, 2734.9307116388386]","[434999.7111942028, 437782.2131911129, 422441.5354097885, 2734.9307116388386]","[466059.96979014383, 467778.3475573772, 422441.5354097885, 2734.9307116388386]","[436608.0398463485, 435621.3230781888, 422441.5354097885, 2734.9307116388386]","[431841.7040460334, 434901.57275937014, 422441.5354097885, 2734.9307116388386]","[439944.20312779193, 443565.45262089104, 422441.5354097885, 2734.9307116388386]","[450453.53944037814, 453739.9856459459, 422441.5354097885, 2734.9307116388386]","[438742.88124749047, 441580.9621810059, 422441.5354097885, 2734.9307116388386]"
"[433571.51105506736, 433567.22611924575, 414600.99852746236, 2737.0529537669777]","[453207.08708803577, 453425.7036701926, 414600.99852746236, 2737.0529537669777]","[439877.23372716183, 438300.65201947844, 414600.99852746236, 2737.0529537669777]","[460960.64211137366, 460501.6361485298, 414600.99852746236, 2737.0529537669777]","[435613.7933550475, 434929.6907261963, 414600.99852746236, 2737.0529537669777]","[428514.8535868767, 430235.7812729745, 414600.99852746236, 2737.0529537669777]","[448091.9680647664, 446864.9439013531, 414600.99852746236, 2737.0529537669777]","[428412.67349455657, 428631.467001179, 414600.99852746236, 2737.0529537669777]","[434799.41936208535, 433731.293908797, 414600.99852746236, 2737.0529537669777]","[440356.75406033767, 438750.35124128987, 414600.99852746236, 2737.0529537669777]","[427429.6352450006, 427500.14391476644, 414600.99852746236, 2737.0529537669777]","[432695.33907935966, 431759.6773081575, 414600.99852746236, 2737.0529537669777]","[441989.4936980521, 439788.8262699634, 414600.99852746236, 2737.0529537669777]","[443048.60822764813, 442472.29999527807, 414600.99852746236, 2737.0529537669777]","[432767.60183758865, 433874.04506506125, 414600.99852746236, 2737.0529537669777]","[439763.53113642393, 437753.8325028069, 414600.99852746236, 2737.0529537669777]","[438851.25899626064, 441556.2917633665, 414600.99852746236, 2737.0529537669777]","[453314.9276014012, 451573.9811297958, 414600.99852746236, 2737.0529537669777]","[449418.85248872655, 450733.8043807454, 414600.99852746236, 2737.0529537669777]","[423165.2680805259, 423450.4388065687, 414600.99852746236, 2737.0529537669777]","[439371.91778756806, 438151.50223048456, 414600.99852746236, 2737.0529537669777]","[435726.41697878134, 436740.4394463899, 414600.99852746236, 2737.0529537669777]","[433853.8460921495, 433585.23983536416, 414600.99852746236, 2737.0529537669777]","[441839.36307535565, 440759.78205326595, 414600.99852746236, 2737.0529537669777]","[461769.54260624025, 461878.7948747305, 414600.99852746236, 2737.0529537669777]","[434750.4077142419, 434221.2741491574, 414600.99852746236, 2737.0529537669777]","[422960.40216846886, 424938.80460154923, 414600.99852746236, 2737.0529537669777]","[433372.7553779668, 430878.46508658986, 414600.99852746236, 2737.0529537669777]","[434134.31882872095, 445087.85024775594, 414600.99852746236, 2737.0529537669777]","[422793.68959438865, 422691.2821094384, 414600.99852746236, 2737.0529537669777]","[427851.7124127243, 428046.57558599266, 414600.99852746236, 2737.0529537669777]","[436517.7786741699, 438859.9259632228, 414600.99852746236, 2737.0529537669777]","[439479.4342431246, 443336.61526703386, 414600.99852746236, 2737.0529537669777]","[433342.9184133872, 433759.13277110545, 414600.99852746236, 2737.0529537669777]","[435861.74211669015, 435887.37124107056, 414600.99852746236, 2737.0529537669777]","[441635.3668142135, 439536.80815787654, 414600.99852746236, 2737.0529537669777]","[430424.93346628954, 428809.110151058, 414600.99852746236, 2737.0529537669777]","[440329.2212279795, 439127.3917362785, 414600.99852746236, 2737.0529537669777]","[427355.0438332399, 428186.118072465, 414600.99852746236, 2737.0529537669777]","[445127.34243263304, 443025.0438002932, 414600.99852746236, 2737.0529537669777]","[427989.7474815843, 429947.16432500625, 414600.99852746236, 2737.0529537669777]","[432185.1523346743, 434152.29555112316, 414600.99852746236, 2737.0529537669777]","[448840.3731375171, 445425.7144671135, 414600.99852746236, 2737.0529537669777]","[465461.92951330874, 462505.50393458025, 414600.99852746236, 2737.0529537669777]","[441600.47164469026, 441613.8937728891, 414600.99852746236, 2737.0529537669777]","[447505.8188347985, 446089.51773833117, 414600.99852746236, 2737.0529537669777]","[432872.2405759054, 432787.25256719015, 414600.99852746236, 2737.0529537669777]","[433112.74575359287, 431295.90432836267, 414600.99852746236, 2737.0529537669777]","[434733.3158746006, 430998.0501212346, 414600.99852746236, 2737.0529537669777]","[431472.71999605896, 430768.7637274328, 414600.99852746236, 2737.0529537669777]"
"[468741.8252363369, 469789.36956007354, 443858.69578570285, 2802.2249054752097]","[483989.2305215911, 484799.25705582293, 443858.69578570285, 2802.2249054752097]","[471784.76897487143, 471861.17381475336, 443858.69578570285, 2802.2249054752097]","[491796.5192761373, 493141.4054560441, 443858.69578570285, 2802.2249054752097]","[533536.0696632301, 528917.4615266072, 443858.69578570285, 2802.2249054752097]","[474186.00308930414, 474155.026910142, 443858.69578570285, 2802.2249054752097]","[457870.49244214286, 459250.38595431426, 443858.69578570285, 2802.2249054752097]","[450958.7817316207, 452785.8716054095, 443858.69578570285, 2802.2249054752097]","[469207.18033086107, 469976.70137873, 443858.69578570285, 2802.2249054752097]","[467176.07087151293, 467649.53256920044, 443858.69578570285, 2802.2249054752097]","[483358.6661539264, 483497.70650195243, 443858.69578570285, 2802.2249054752097]","[472791.60809678887, 473584.0886735713, 443858.69578570285, 2802.2249054752097]","[500334.1491972287, 500749.28253174596, 443858.69578570285, 2802.2249054752097]","[469260.1654211823, 466571.3117226994, 443858.69578570285, 2802.2249054752097]","[477864.0764760389, 477858.7373295111, 443858.69578570285, 2802.2249054752097]","[457190.5935812538, 456624.8939756881, 443858.69578570285, 2802.2249054752097]","[454713.14633124456, 455320.4312788602, 443858.69578570285, 2802.2249054752097]","[458529.7902724389, 457215.3454792943, 443858.69578570285, 2802.2249054752097]","[455744.7664983045, 455502.7239055533, 443858.69578570285, 2802.2249054752097]","[464974.8366143007, 464447.0655528753, 443858.69578570285, 2802.2249054752097]","[525728.1055910245, 527982.9871832865, 443858.69578570285, 2802.2249054752097]","[474816.4842493846, 474143.57525661, 443858.69578570285, 2802.2249054752097]","[482632.23756226315, 484828.40142859676, 443858.69578570285, 2802.2249054752097]","[461048.18121551414, 461172.8658318971, 443858.69578570285, 2802.2249054752097]","[478930.8035437207, 481890.38784907566, 443858.69578570285, 2802.2249054752097]","[482270.5632999022, 478020.141903793, 443858.69578570285, 2802.2249054752097]","[461444.78786444775, 461048.06147474406, 443858.69578570285, 2802.2249054752097]","[458668.8045740116, 459846.77875007095, 443858.69578570285, 2802.2249054752097]","[497753.7344372343, 504737.1383599762, 443858.69578570285, 2802.2249054752097]","[460185.23968686507, 460765.12898342055, 443858.69578570285, 2802.2249054752097]","[481661.16957190534, 481779.85933727754, 443858.69578570285, 2802.2249054752097]","[472864.7220520204, 473056.9755597469, 443858.69578570285, 2802.2249054752097]","[471861.3594111284, 472305.74751412135, 443858.69578570285, 2802.2249054752097]","[486156.51673579914, 482785.7310215308, 443858.69578570285, 2802.2249054752097]","[506994.11937626346, 505234.9695289661, 443858.69578570285, 2802.2249054752097]","[473745.3020713695, 472969.5480662508, 443858.69578570285, 2802.2249054752097]","[470128.06148742023, 470189.18782947905, 443858.69578570285, 2802.2249054752097]","[469888.1096756932, 461125.7049546501, 443858.69578570285, 2802.2249054752097]","[455604.4181357578, 456421.58314195357, 443858.69578570285, 2802.2249054752097]","[466757.3490953299, 459780.8455662549, 443858.69578570285, 2802.2249054752097]","[459597.47770765255, 460469.7972724886, 443858.69578570285, 2802.2249054752097]","[459408.89006880287, 460525.4709005283, 443858.69578570285, 2802.2249054752097]","[460121.78676947387, 460547.08711196727, 443858.69578570285, 2802.2249054752097]","[486343.9385158074, 486196.449573516, 443858.69578570285, 2802.2249054752097]","[476119.59484263597, 473116.4572874409, 443858.69578570285, 2802.2249054752097]","[467021.8108953828, 466398.0059031305, 443858.69578570285, 2802.2249054752097]","[480780.9750520237, 482715.67715261015, 443858.69578570285, 2802.2249054752097]","[468173.4739674732, 468008.69427083316, 443858.69578570285, 2802.2249054752097]","[481354.37133675633, 481961.7212189206, 443858.69578570285, 2802.2249054752097]","[463783.4955367537, 464456.2009088937, 443858.69578570285, 2802.2249054752097]"
"[461929.5061413628, 464963.8992358952, 425714.51773627574, 2724.717071253833]","[439020.4982606119, 440378.09891844867, 425714.51773627574, 2724.717071253833]","[477093.4723708763, 475641.9352718905, 425714.51773627574, 2724.717071253833]","[451616.0673435526, 453273.763138647, 425714.51773627574, 2724.717071253833]","[447476.20397629385, 450548.58806591126, 425714.51773627574, 2724.717071253833]","[451319.06636180624, 452091.23698452266, 425714.51773627574, 2724.717071253833]","[454537.2553615359, 453303.08372121106, 425714.51773627574, 2724.717071253833]","[459465.3246183775, 460381.30017885705, 425714.51773627574, 2724.717071253833]","[440553.61354199203, 443501.5836021512, 425714.51773627574, 2724.717071253833]","[453903.0056720464, 453735.354904774, 425714.51773627574, 2724.717071253833]","[458605.7699864277, 461303.4128636519, 425714.51773627574, 2724.717071253833]","[436542.7526801902, 436536.19024752406, 425714.51773627574, 2724.717071253833]","[443888.3942738814, 443807.15009067446, 425714.51773627574, 2724.717071253833]","[447373.3974477258, 448716.5031846088, 425714.51773627574, 2724.717071253833]","[470291.0833693339, 472334.34277852334, 425714.51773627574, 2724.717071253833]","[445427.29186955845, 444926.71205682063, 425714.51773627574, 2724.717071253833]","[449653.16878344485, 449735.3084598625, 425714.51773627574, 2724.717071253833]","[471016.4221343714, 473124.8975270265, 425714.51773627574, 2724.717071253833]","[444349.971996124, 446866.29911689495, 425714.51773627574, 2724.717071253833]","[472448.97573961335, 470468.61344228877, 425714.51773627574, 2724.717071253833]","[462393.7820661853, 463756.47896408656, 425714.51773627574, 2724.717071253833]","[449401.40442563046, 448579.24099434045, 425714.51773627574, 2724.717071253833]","[475824.9699646885, 475507.5968810043, 425714.51773627574, 2724.717071253833]","[441484.2035180574, 441800.9666500932, 425714.51773627574, 2724.717071253833]","[446937.10896914965, 449766.19153484626, 425714.51773627574, 2724.717071253833]","[469773.4495874222, 469012.0008440845, 425714.51773627574, 2724.717071253833]","[468064.35206209775, 466403.7052324663, 425714.51773627574, 2724.717071253833]","[471885.9640446426, 476639.4293041031, 425714.51773627574, 2724.717071253833]","[465207.868431755, 470686.58484613104, 425714.51773627574, 2724.717071253833]","[509948.57828086894, 506559.9013341379, 425714.51773627574, 2724.717071253833]","[437831.9573280048, 438968.8510336335, 425714.51773627574, 2724.717071253833]","[461649.7406788782, 458080.3951531206, 425714.51773627574, 2724.717071253833]","[462756.2130337692, 465615.2076498433, 425714.51773627574, 2724.717071253833]","[442314.0490795951, 442122.6581238629, 425714.51773627574, 2724.717071253833]","[443905.0120726218, 444117.1695522154, 425714.51773627574, 2724.717071253833]","[435214.0570892065, 438105.21794751193, 425714.51773627574, 2724.717071253833]","[439820.5154422889, 439974.5007775339, 425714.51773627574, 2724.717071253833]","[489503.72990677063, 489242.2857995555, 425714.51773627574, 2724.717071253833]","[494857.4511351592, 492840.722927934, 425714.51773627574, 2724.717071253833]","[444107.84082171903, 442831.1068204031, 425714.51773627574, 2724.717071253833]","[446864.1045052003, 443571.75336011284, 425714.51773627574, 2724.717071253833]","[448221.51464907586, 446992.38037959876, 425714.51773627574, 2724.717071253833]","[467780.7295334652, 469024.73603138427, 425714.51773627574, 2724.717071253833]","[445035.01638603106, 446680.8774564395, 425714.51773627574, 2724.717071253833]","[440485.32267504843, 441087.67978939775, 425714.51773627574, 2724.717071253833]","[441698.3174670523, 440411.63215029216, 425714.51773627574, 2724.717071253833]","[494175.8205688528, 494226.5321994264, 425714.51773627574, 2724.717071253833]","[456640.83948075987, 459593.86990027473, 425714.51773627574, 2724.717071253833]","[440338.76109928684, 438789.0055768199, 425714.51773627574, 2724.717071253833]","[442494.8095392383, 446383.9315625762, 425714.51773627574, 2724.717071253833]"
"[481601.6005832148, 482460.7285386466, 458617.23406061454, 2918.0217384466664]","[474463.01099480776, 474382.1408047565, 458617.23406061454, 2918.0217384466664]","[481617.27147460205, 481459.7587581329, 458617.23406061454, 2918.0217384466664]","[471929.68839212245, 472535.5339321403, 458617.23406061454, 2918.0217384466664]","[502396.288982143, 504834.30011673376, 458617.23406061454, 2918.0217384466664]","[496619.4911904409, 507253.7750355479, 458617.23406061454, 2918.0217384466664]","[480583.965622514, 485090.83374936023, 458617.23406061454, 2918.0217384466664]","[505315.73275805387, 510067.4185411241, 458617.23406061454, 2918.0217384466664]","[479599.0038232801, 480467.37274830876, 458617.23406061454, 2918.0217384466664]","[521179.7547282163, 522825.42573309445, 458617.23406061454, 2918.0217384466664]","[497870.5924241671, 496029.65389575594, 458617.23406061454, 2918.0217384466664]","[471099.8162155386, 474278.9167288498, 458617.23406061454, 2918.0217384466664]","[471808.743362269, 474133.28212110815, 458617.23406061454, 2918.0217384466664]","[490211.08154315443, 491182.8764435135, 458617.23406061454, 2918.0217384466664]","[498687.2328666002, 499246.1350953597, 458617.23406061454, 2918.0217384466664]","[469258.0167625493, 471766.8181482017, 458617.23406061454, 2918.0217384466664]","[540634.6538073204, 536121.5244716435, 458617.23406061454, 2918.0217384466664]","[480335.662391548, 485590.926792284, 458617.23406061454, 2918.0217384466664]","[477550.10416855296, 477690.8045321684, 458617.23406061454, 2918.0217384466664]","[485745.13511612866, 486418.51156981743, 458617.23406061454, 2918.0217384466664]","[476047.5486677409, 475482.82801818853, 458617.23406061454, 2918.0217384466664]","[471408.4022361933, 470438.9479595253, 458617.23406061454, 2918.0217384466664]","[477588.81022021006, 478080.04249679716, 458617.23406061454, 2918.0217384466664]","[469128.3081466132, 471108.37550263054, 458617.23406061454, 2918.0217384466664]","[504338.02668862225, 509655.6159123578, 458617.23406061454, 2918.0217384466664]","[472794.81400123634, 474715.93156197533, 458617.23406061454, 2918.0217384466664]","[477418.2853512019, 482079.9970086816, 458617.23406061454, 2918.0217384466664]","[481470.15413739905, 482379.02094668854, 458617.23406061454, 2918.0217384466664]","[497778.76535752777, 497338.2010536435, 458617.23406061454, 2918.0217384466664]","[488300.3666682431, 490408.3063381798, 458617.23406061454, 2918.0217384466664]","[472080.721425548, 471706.1427493876, 458617.23406061454, 2918.0217384466664]","[485478.1033906975, 488558.6256652055, 458617.23406061454, 2918.0217384466664]","[472179.42722446116, 476121.6433473551, 458617.23406061454, 2918.0217384466664]","[545787.6584884906, 544518.5574977658, 458617.23406061454, 2918.0217384466664]","[476006.32684915507, 476376.48171539645, 458617.23406061454, 2918.0217384466664]","[479935.21986144915, 478522.7375569626, 458617.23406061454, 2918.0217384466664]","[478146.37427897047, 476928.83754318755, 458617.23406061454, 2918.0217384466664]","[494169.17633231526, 479049.1034855006, 458617.23406061454, 2918.0217384466664]","[476023.9562690278, 479595.27618781815, 458617.23406061454, 2918.0217384466664]","[484018.6904928491, 486194.310070665, 458617.23406061454, 2918.0217384466664]","[481339.02630799747, 481982.4000799691, 458617.23406061454, 2918.0217384466664]","[488806.0875574181, 485799.4328488685, 458617.23406061454, 2918.0217384466664]","[485553.9522783119, 488252.8618619508, 458617.23406061454, 2918.0217384466664]","[494282.765882662, 497634.18134937144, 458617.23406061454, 2918.0217384466664]","[499139.84768285597, 497966.82378389436, 458617.23406061454, 2918.0217384466664]","[484935.78462279146, 482730.4104333948, 458617.23406061454, 2918.0217384466664]","[470894.6257834425, 473146.9076014908, 458617.23406061454, 2918.0217384466664]","[491130.160335046, 486102.26892424875, 458617.23406061454, 2918.0217384466664]","[497951.19510595594, 503769.86204296583, 458617.23406061454, 2918.0217384466664]","[484134.20642105804, 483476.177735302, 458617.23406061454, 2918.0217384466664]"
"[479017.99485390936, 471817.78031791653, 437653.9032887173, 2854.0638323081325]","[453554.6641094051, 455064.6072986517, 437653.9032887173, 2854.0638323081325]","[470266.46462528757, 466181.56248619955, 437653.9032887173, 2854.0638323081325]","[463366.5820181282, 469916.60904398427, 437653.9032887173, 2854.0638323081325]","[489213.9391446103, 485327.4043996266, 437653.9032887173, 2854.0638323081325]","[458004.53330589307, 458160.36315153923, 437653.9032887173, 2854.0638323081325]","[476213.43398310884, 475421.7220038241, 437653.9032887173, 2854.0638323081325]","[470858.2067565322, 479906.23627396463, 437653.9032887173, 2854.0638323081325]","[451793.5677221391, 453652.5300663143, 437653.9032887173, 2854.0638323081325]","[457806.60655232606, 461669.52034279687, 437653.9032887173, 2854.0638323081325]","[482934.94294730586, 483153.17966794176, 437653.9032887173, 2854.0638323081325]","[463821.60188543017, 466428.61923347216, 437653.9032887173, 2854.0638323081325]","[491977.49417115597, 492579.29058084596, 437653.9032887173, 2854.0638323081325]","[448314.3917446503, 450305.952520693, 437653.9032887173, 2854.0638323081325]","[465883.0182403708, 466690.1706178205, 437653.9032887173, 2854.0638323081325]","[467315.10434692394, 465722.10776657134, 437653.9032887173, 2854.0638323081325]","[448930.90479605657, 448879.0530901799, 437653.9032887173, 2854.0638323081325]","[486210.5299456836, 486140.9177077305, 437653.9032887173, 2854.0638323081325]","[462312.9908223795, 464494.1150973262, 437653.9032887173, 2854.0638323081325]","[446516.1259563156, 450741.6999183721, 437653.9032887173, 2854.0638323081325]","[477169.88163941086, 473206.21591841965, 437653.9032887173, 2854.0638323081325]","[465394.30424203887, 466244.1404233673, 437653.9032887173, 2854.0638323081325]","[451304.6819068413, 453798.87480602396, 437653.9032887173, 2854.0638323081325]","[457747.85855720984, 457189.9114017132, 437653.9032887173, 2854.0638323081325]","[455531.66090510384, 462269.82779708813, 437653.9032887173, 2854.0638323081325]","[508171.96811959, 505877.08519050403, 437653.9032887173, 2854.0638323081325]","[461161.20366547536, 466794.90615233773, 437653.9032887173, 2854.0638323081325]","[466859.1634343586, 469428.23974452505, 437653.9032887173, 2854.0638323081325]","[446838.36346538947, 447784.9143246985, 437653.9032887173, 2854.0638323081325]","[451899.621009361, 453230.2664338632, 437653.9032887173, 2854.0638323081325]","[482572.5585496785, 481751.03924583504, 437653.9032887173, 2854.0638323081325]","[496871.8391711917, 496673.8103912534, 437653.9032887173, 2854.0638323081325]","[489136.77392493805, 487873.7855173394, 437653.9032887173, 2854.0638323081325]","[488419.3738882388, 490618.2255804338, 437653.9032887173, 2854.0638323081325]","[455883.3650517718, 459271.5925282429, 437653.9032887173, 2854.0638323081325]","[460035.315501682, 460297.2953094324, 437653.9032887173, 2854.0638323081325]","[471552.2259326673, 471662.01705178706, 437653.9032887173, 2854.0638323081325]","[456879.41273172403, 457855.0412516866, 437653.9032887173, 2854.0638323081325]","[448067.1974892555, 452994.17416429054, 437653.9032887173, 2854.0638323081325]","[459079.7710234205, 461896.84515020496, 437653.9032887173, 2854.0638323081325]","[448494.6797858494, 447776.97482609685, 437653.9032887173, 2854.0638323081325]","[462676.99841391016, 464172.2411723061, 437653.9032887173, 2854.0638323081325]","[459521.377261547, 463131.7526733824, 437653.9032887173, 2854.0638323081325]","[462898.95643105387, 464861.50788671384, 437653.9032887173, 2854.0638323081325]","[463451.637028411, 463998.9049172851, 437653.9032887173, 2854.0638323081325]","[459246.2367655172, 458708.68539634725, 437653.9032887173, 2854.0638323081325]","[451130.09107640764, 454086.2226348265, 437653.9032887173, 2854.0638323081325]","[472982.94255943084, 472858.7533482441, 437653.9032887173, 2854.0638323081325]","[456775.26336077857, 458176.8170803303, 437653.9032887173, 2854.0638323081325]","[472478.59048191586, 479271.7196525984, 437653.9032887173, 2854.0638323081325]"
"[462732.6158260369, 463551.660830143, 445111.7061619049, 2806.4066229042355]","[468470.17611029453, 472675.13900019747, 445111.7061619049, 2806.4066229042355]","[472511.9442572855, 473927.4605402556, 445111.7061619049, 2806.4066229042355]","[457317.7667152074, 459629.03367562353, 445111.7061619049, 2806.4066229042355]","[463413.10936768807, 462856.3455642211, 445111.7061619049, 2806.4066229042355]","[486654.5353211585, 485786.698572329, 445111.7061619049, 2806.4066229042355]","[479316.5095870936, 478736.04827276274, 445111.7061619049, 2806.4066229042355]","[511994.0233539943, 507251.8932102285, 445111.7061619049, 2806.4066229042355]","[467393.3331942952, 468713.31029666937, 445111.7061619049, 2806.4066229042355]","[465762.15815548593, 467514.66009933647, 445111.7061619049, 2806.4066229042355]","[458103.0683771047, 459206.16026440944, 445111.7061619049, 2806.4066229042355]","[490751.139360455, 487406.8433547566, 445111.7061619049, 2806.4066229042355]","[465589.3416123602, 466734.24185848865, 445111.7061619049, 2806.4066229042355]","[478051.0830849833, 478505.73040275666, 445111.7061619049, 2806.4066229042355]","[482957.4816191927, 482872.052309912, 445111.7061619049, 2806.4066229042355]","[462192.4249536113, 463014.6844478779, 445111.7061619049, 2806.4066229042355]","[492531.68996301707, 489668.91598565, 445111.7061619049, 2806.4066229042355]","[462087.7978853881, 466252.40963117324, 445111.7061619049, 2806.4066229042355]","[485028.38096205064, 486437.2084980813, 445111.7061619049, 2806.4066229042355]","[459924.9960665881, 461303.61090839165, 445111.7061619049, 2806.4066229042355]","[456519.7911504353, 457116.33080670447, 445111.7061619049, 2806.4066229042355]","[493458.11582726985, 495232.1655920074, 445111.7061619049, 2806.4066229042355]","[486844.8607194046, 488853.92005820177, 445111.7061619049, 2806.4066229042355]","[476943.02581009537, 475936.6489661963, 445111.7061619049, 2806.4066229042355]","[501662.6792147523, 501495.01184893516, 445111.7061619049, 2806.4066229042355]","[456563.9335217644, 457941.7183533589, 445111.7061619049, 2806.4066229042355]","[479997.5057301356, 481563.0545415818, 445111.7061619049, 2806.4066229042355]","[487501.36646329256, 486639.95628952445, 445111.7061619049, 2806.4066229042355]","[469800.44474100205, 470988.93946510303, 445111.7061619049, 2806.4066229042355]","[498051.70529995783, 500032.79555853026, 445111.7061619049, 2806.4066229042355]","[483103.40685082454, 484249.7690407802, 445111.7061619049, 2806.4066229042355]","[466187.3632467111, 468936.13738592004, 445111.7061619049, 2806.4066229042355]","[482938.9479490971, 474711.9880610157, 445111.7061619049, 2806.4066229042355]","[460375.879710618, 467168.5309622366, 445111.7061619049, 2806.4066229042355]","[466619.56760302157, 468849.8025553735, 445111.7061619049, 2806.4066229042355]","[459352.6908065742, 460062.9735961933, 445111.7061619049, 2806.4066229042355]","[465795.30388530495, 462795.99184896436, 445111.7061619049, 2806.4066229042355]","[459061.52178067196, 459777.2962827238, 445111.7061619049, 2806.4066229042355]","[456793.5450152101, 458507.80054930854, 445111.7061619049, 2806.4066229042355]","[463196.5989945422, 462945.4999953856, 445111.7061619049, 2806.4066229042355]","[473523.9475719407, 476983.411890902, 445111.7061619049, 2806.4066229042355]","[477095.51776641206, 473885.40390459646, 445111.7061619049, 2806.4066229042355]","[468154.5929245592, 469735.39936527965, 445111.7061619049, 2806.4066229042355]","[461673.05519417877, 462701.48932204983, 445111.7061619049, 2806.4066229042355]","[460383.4905294161, 461487.6615617651, 445111.7061619049, 2806.4066229042355]","[478912.4083942463, 479731.8279492132, 445111.7061619049, 2806.4066229042355]","[464676.8779164817, 466373.3652272351, 445111.7061619049, 2806.4066229042355]","[463553.09554117784, 462814.8891844451, 445111.7061619049, 2806.4066229042355]","[468249.53135183355, 466861.7510309574, 445111.7061619049, 2806.4066229042355]","[491882.6667411728, 492111.96845314803, 445111.7061619049, 2806.4066229042355]"
"[447835.9673810953, 446366.4593603361, 422594.9806360716, 2613.391685459337]","[441736.69467060815, 444395.31744536944, 422594.9806360716, 2613.391685459337]","[436822.66728646524, 438021.0865010114, 422594.9806360716, 2613.391685459337]","[444947.87551918573, 444987.71224091033, 422594.9806360716, 2613.391685459337]","[446198.76969480957, 447173.0400559502, 422594.9806360716, 2613.391685459337]","[440805.4856702581, 440930.4258141214, 422594.9806360716, 2613.391685459337]","[435953.9775874175, 435810.3803804239, 422594.9806360716, 2613.391685459337]","[443730.5886448363, 444416.925149754, 422594.9806360716, 2613.391685459337]","[441050.08865938155, 442401.9129740653, 422594.9806360716, 2613.391685459337]","[443149.55265484244, 442480.3390360219, 422594.9806360716, 2613.391685459337]","[450826.06515151315, 452837.727945308, 422594.9806360716, 2613.391685459337]","[447055.5164464817, 445023.1486544428, 422594.9806360716, 2613.391685459337]","[447055.2185792748, 448112.7219336445, 422594.9806360716, 2613.391685459337]","[437398.27186295483, 437540.24987581576, 422594.9806360716, 2613.391685459337]","[454691.06673226855, 458266.2770782533, 422594.9806360716, 2613.391685459337]","[435806.5664482116, 436717.78353606915, 422594.9806360716, 2613.391685459337]","[443870.9748778946, 445107.97605093854, 422594.9806360716, 2613.391685459337]","[445834.0342625526, 445153.11031486664, 422594.9806360716, 2613.391685459337]","[460546.999984154, 461910.47271690104, 422594.9806360716, 2613.391685459337]","[452340.67210511706, 452151.9869609175, 422594.9806360716, 2613.391685459337]","[466177.37425346056, 465955.92835489445, 422594.9806360716, 2613.391685459337]","[456852.72744715237, 457617.0478891998, 422594.9806360716, 2613.391685459337]","[431824.316874854, 434406.10680952494, 422594.9806360716, 2613.391685459337]","[454286.5394093632, 455732.3473278294, 422594.9806360716, 2613.391685459337]","[444918.22583895194, 447741.3600096975, 422594.9806360716, 2613.391685459337]","[455926.31833646906, 455965.806591034, 422594.9806360716, 2613.391685459337]","[440643.2948981812, 442395.93387529184, 422594.9806360716, 2613.391685459337]","[444975.10035416274, 445444.02107075276, 422594.9806360716, 2613.391685459337]","[432088.06271909806, 432229.8262773178, 422594.9806360716, 2613.391685459337]","[438925.8753635467, 439134.0796070449, 422594.9806360716, 2613.391685459337]","[447874.83646163763, 451091.5268812146, 422594.9806360716, 2613.391685459337]","[446497.4902532893, 445986.27397709014, 422594.9806360716, 2613.391685459337]","[429264.4424156095, 432197.55532008497, 422594.9806360716, 2613.391685459337]","[431467.1742541207, 433781.15871960757, 422594.9806360716, 2613.391685459337]","[472114.77995441144, 471048.9641676917, 422594.9806360716, 2613.391685459337]","[442806.17785230465, 441983.27520504006, 422594.9806360716, 2613.391685459337]","[450135.04766363895, 455602.7522679898, 422594.9806360716, 2613.391685459337]","[434544.2369221295, 435289.66117102205, 422594.9806360716, 2613.391685459337]","[475279.95818250795, 475973.36561425397, 422594.9806360716, 2613.391685459337]","[458497.09306888754, 458659.03889471013, 422594.9806360716, 2613.391685459337]","[472440.24299619126, 468986.4462409337, 422594.9806360716, 2613.391685459337]","[438712.96216754656, 439391.1469158234, 422594.9806360716, 2613.391685459337]","[436476.8572090355, 439477.9279457773, 422594.9806360716, 2613.391685459337]","[430116.8025078846, 432421.1342572176, 422594.9806360716, 2613.391685459337]","[468313.828886544, 471106.28495010093, 422594.9806360716, 2613.391685459337]","[457198.3235957526, 459733.9655421653, 422594.9806360716, 2613.391685459337]","[436106.473315908, 436925.43948831945, 422594.9806360716, 2613.391685459337]","[493829.516535274, 494736.36622383585, 422594.9806360716, 2613.391685459337]","[429182.0236840997, 429978.3500368844, 422594.9806360716, 2613.391685459337]","[448971.7154891101, 448543.99122724996, 422594.9806360716, 2613.391685459337]"
"[439856.09634369897, 440436.10542277334, 414889.6076573182, 2707.0646706879]","[445052.23979665025, 443517.7219587345, 414889.6076573182, 2707.0646706879]","[426042.0933630531, 428239.25799343723, 414889.6076573182, 2707.0646706879]","[444573.3006483097, 441543.89086477435, 414889.6076573182, 2707.0646706879]","[426993.7823931409, 429542.7078613424, 414889.6076573182, 2707.0646706879]","[468807.7143829753, 467376.36999473005, 414889.6076573182, 2707.0646706879]","[430771.1579598284, 429948.8088694819, 414889.6076573182, 2707.0646706879]","[424241.9218964477, 426837.10433098825, 414889.6076573182, 2707.0646706879]","[449175.4237579044, 448061.366154549, 414889.6076573182, 2707.0646706879]","[448012.7735740965, 450446.9311600498, 414889.6076573182, 2707.0646706879]","[433248.02406649553, 436157.44136585586, 414889.6076573182, 2707.0646706879]","[428846.7506037211, 429991.6663842688, 414889.6076573182, 2707.0646706879]","[428628.5850979447, 428934.9974575927, 414889.6076573182, 2707.0646706879]","[480157.9523913264, 478946.26613204094, 414889.6076573182, 2707.0646706879]","[434236.683567883, 433517.5354367124, 414889.6076573182, 2707.0646706879]","[505107.28378311737, 498043.6983682972, 414889.6076573182, 2707.0646706879]","[428286.9564580999, 429998.2149644965, 414889.6076573182, 2707.0646706879]","[426746.16165350017, 434529.03547803103, 414889.6076573182, 2707.0646706879]","[425810.77125915274, 428764.2384506893, 414889.6076573182, 2707.0646706879]","[445769.48300024995, 442877.89816591697, 414889.6076573182, 2707.0646706879]","[450055.1491775544, 451626.1686601156, 414889.6076573182, 2707.0646706879]","[440891.58162314, 442021.2093004006, 414889.6076573182, 2707.0646706879]","[453458.1597637176, 451975.79749481054, 414889.6076573182, 2707.0646706879]","[434886.7735822224, 437428.22973101586, 414889.6076573182, 2707.0646706879]","[455388.32253519486, 457835.27441903984, 414889.6076573182, 2707.0646706879]","[428680.89511100185, 430190.3715144491, 414889.6076573182, 2707.0646706879]","[431524.59879678016, 432821.73632989253, 414889.6076573182, 2707.0646706879]","[428572.0649013155, 433180.6424891176, 414889.6076573182, 2707.0646706879]","[431098.8541106502, 430707.94880606583, 414889.6076573182, 2707.0646706879]","[451636.5681777452, 451356.73410874995, 414889.6076573182, 2707.0646706879]","[453722.1425844692, 455695.99320299417, 414889.6076573182, 2707.0646706879]","[440330.01280022087, 446177.4780695743, 414889.6076573182, 2707.0646706879]","[425191.6842804674, 430207.6178104946, 414889.6076573182, 2707.0646706879]","[437652.796843813, 440728.51141725027, 414889.6076573182, 2707.0646706879]","[430398.36174010567, 432936.58992745995, 414889.6076573182, 2707.0646706879]","[436976.85801476386, 440656.2599147268, 414889.6076573182, 2707.0646706879]","[434184.12163379753, 433985.55732400913, 414889.6076573182, 2707.0646706879]","[436087.3684410626, 436883.8090555411, 414889.6076573182, 2707.0646706879]","[428030.2629046306, 429626.8597310761, 414889.6076573182, 2707.0646706879]","[432529.508847404, 434967.57529933576, 414889.6076573182, 2707.0646706879]","[437498.9482282383, 437136.1997777058, 414889.6076573182, 2707.0646706879]","[481934.9199459345, 485886.9393013303, 414889.6076573182, 2707.0646706879]","[456349.8800471464, 458272.9394198786, 414889.6076573182, 2707.0646706879]","[426564.200812263, 429031.5348125812, 414889.6076573182, 2707.0646706879]","[450479.6589734058, 459796.6229263735, 414889.6076573182, 2707.0646706879]","[442041.3370839086, 447609.1614101547, 414889.6076573182, 2707.0646706879]","[430708.33674350777, 433914.46601756715, 414889.6076573182, 2707.0646706879]","[450932.19127243524, 454002.2671069867, 414889.6076573182, 2707.0646706879]","[440993.4716455173, 443296.81294743967, 414889.6076573182, 2707.0646706879]","[445035.95129806414, 446275.95385044505, 414889.6076573182, 2707.0646706879]"
"[448874.9780905019, 450596.1572244125, 438505.44174713397, 2836.5680956684]","[450425.3320973879, 451455.6278155424, 438505.44174713397, 2836.5680956684]","[453504.5292100706, 459588.4349300106, 438505.44174713397, 2836.5680956684]","[468271.09985195723, 466787.48475029727, 438505.44174713397, 2836.5680956684]","[469066.26207023987, 469723.6924485704, 438505.44174713397, 2836.5680956684]","[455588.06843654066, 460085.312303449, 438505.44174713397, 2836.5680956684]","[474889.0608836454, 480864.72993916617, 438505.44174713397, 2836.5680956684]","[450862.2735384334, 454262.8000115963, 438505.44174713397, 2836.5680956684]","[461451.45426409534, 464157.56764445425, 438505.44174713397, 2836.5680956684]","[460602.17008486815, 461120.2717699329, 438505.44174713397, 2836.5680956684]","[456545.0814554002, 460073.71306083765, 438505.44174713397, 2836.5680956684]","[465276.55399412586, 467012.07014428667, 438505.44174713397, 2836.5680956684]","[483758.08509639325, 486639.87128664553, 438505.44174713397, 2836.5680956684]","[448295.12684978306, 452832.7115551706, 438505.44174713397, 2836.5680956684]","[470902.2415064649, 477585.30393306015, 438505.44174713397, 2836.5680956684]","[472561.64899315813, 475424.23122106574, 438505.44174713397, 2836.5680956684]","[480382.08912131336, 483463.2442321926, 438505.44174713397, 2836.5680956684]","[511723.89844419324, 508743.3892912182, 438505.44174713397, 2836.5680956684]","[474217.48162275914, 475658.1490918744, 438505.44174713397, 2836.5680956684]","[450144.4059673506, 453411.97828491504, 438505.44174713397, 2836.5680956684]","[455572.37344226014, 461789.2147534867, 438505.44174713397, 2836.5680956684]","[469863.47506487387, 470358.52899164107, 438505.44174713397, 2836.5680956684]","[456946.79808915337, 456680.60952187335, 438505.44174713397, 2836.5680956684]","[461686.2549558642, 464005.7380129715, 438505.44174713397, 2836.5680956684]","[447810.05054042686, 450294.1124026804, 438505.44174713397, 2836.5680956684]","[464217.819952138, 467004.5420627001, 438505.44174713397, 2836.5680956684]","[472562.17267164926, 478179.0403336322, 438505.44174713397, 2836.5680956684]","[473875.8767485408, 475827.7370528574, 438505.44174713397, 2836.5680956684]","[447164.689861268, 448694.5266524756, 438505.44174713397, 2836.5680956684]","[453468.3126575233, 456157.75388641685, 438505.44174713397, 2836.5680956684]","[451979.37847310945, 454066.434288708, 438505.44174713397, 2836.5680956684]","[473094.1668982545, 474928.1711333543, 438505.44174713397, 2836.5680956684]","[458549.9552619014, 459209.16552928154, 438505.44174713397, 2836.5680956684]","[489742.03245940735, 489068.17044112115, 438505.44174713397, 2836.5680956684]","[465536.7924515987, 464418.8745394645, 438505.44174713397, 2836.5680956684]","[456365.4160366392, 456977.46120839485, 438505.44174713397, 2836.5680956684]","[465397.5263991598, 461698.36967759224, 438505.44174713397, 2836.5680956684]","[453665.5444990298, 453691.573859351, 438505.44174713397, 2836.5680956684]","[504291.5847539816, 502951.7970833246, 438505.44174713397, 2836.5680956684]","[458471.7597711191, 461761.5604646192, 438505.44174713397, 2836.5680956684]","[460277.9563953326, 460449.0593777919, 438505.44174713397, 2836.5680956684]","[490468.1072668723, 492167.00512291875, 438505.44174713397, 2836.5680956684]","[458389.848907361, 455856.43262306333, 438505.44174713397, 2836.5680956684]","[461400.542712362, 462151.2399054435, 438505.44174713397, 2836.5680956684]","[462130.19292094617, 462289.01524230454, 438505.44174713397, 2836.5680956684]","[454990.5954092974, 457047.26630339364, 438505.44174713397, 2836.5680956684]","[460421.6856166218, 463092.6795989222, 438505.44174713397, 2836.5680956684]","[500567.402264691, 496067.8801675785, 438505.44174713397, 2836.5680956684]","[454458.0115562294, 456253.4884883166, 438505.44174713397, 2836.5680956684]","[456963.60788900993, 458532.00952411164, 438505.44174713397, 2836.5680956684]"
"[427815.9579645009, 430603.21759477875, 404715.91003673937, 2618.0585420594925]","[445440.47373590036, 444971.8838560109, 404715.91003673937, 2618.0585420594925]","[456056.9746787969, 459869.4758600065, 404715.91003673937, 2618.0585420594925]","[432459.984234905, 434993.83379850234, 404715.91003673937, 2618.0585420594925]","[437447.7083453359, 436330.39172007586, 404715.91003673937, 2618.0585420594925]","[419148.89740990644, 419059.6369317982, 404715.91003673937, 2618.0585420594925]","[419734.86838867917, 420232.45208423975, 404715.91003673937, 2618.0585420594925]","[423405.52422373544, 423335.2197093076, 404715.91003673937, 2618.0585420594925]","[423348.2847159656, 422794.9028675053, 404715.91003673937, 2618.0585420594925]","[425232.4243308854, 424558.63379495277, 404715.91003673937, 2618.0585420594925]","[430567.73477980064, 427687.3353745163, 404715.91003673937, 2618.0585420594925]","[422044.5422183148, 422579.95161678054, 404715.91003673937, 2618.0585420594925]","[412391.9690240569, 412516.36641256453, 404715.91003673937, 2618.0585420594925]","[422153.6208350247, 422097.02055672795, 404715.91003673937, 2618.0585420594925]","[427046.9647759143, 426659.7167078298, 404715.91003673937, 2618.0585420594925]","[418129.55128667527, 418346.16579929326, 404715.91003673937, 2618.0585420594925]","[438111.14981705515, 440001.7863397656, 404715.91003673937, 2618.0585420594925]","[440798.04130417685, 439701.6263595733, 404715.91003673937, 2618.0585420594925]","[426619.1803970916, 427800.1624456822, 404715.91003673937, 2618.0585420594925]","[425225.82260353334, 426313.6091592742, 404715.91003673937, 2618.0585420594925]","[434437.5012595795, 434376.3484914103, 404715.91003673937, 2618.0585420594925]","[417214.8985700971, 420274.29542885546, 404715.91003673937, 2618.0585420594925]","[414702.21725291124, 414842.5509226535, 404715.91003673937, 2618.0585420594925]","[422831.1832445675, 423118.8695660939, 404715.91003673937, 2618.0585420594925]","[452554.3456976621, 452194.078442107, 404715.91003673937, 2618.0585420594925]","[442925.4757736295, 442536.61336566, 404715.91003673937, 2618.0585420594925]","[448335.68916233606, 450875.79793877515, 404715.91003673937, 2618.0585420594925]","[447324.61742258526, 447925.2657031477, 404715.91003673937, 2618.0585420594925]","[411585.4258005971, 412429.35239989153, 404715.91003673937, 2618.0585420594925]","[438199.7032710799, 438157.5964146261, 404715.91003673937, 2618.0585420594925]","[425430.873962065, 424345.38584981504, 404715.91003673937, 2618.0585420594925]","[435735.65450782527, 434833.92390751437, 404715.91003673937, 2618.0585420594925]","[424017.420043232, 423732.6613621026, 404715.91003673937, 2618.0585420594925]","[425445.93909317703, 425436.40543649666, 404715.91003673937, 2618.0585420594925]","[432897.27459542325, 433635.7923254345, 404715.91003673937, 2618.0585420594925]","[432861.33031088585, 432666.1209306858, 404715.91003673937, 2618.0585420594925]","[433015.9219334984, 432838.40447816154, 404715.91003673937, 2618.0585420594925]","[423966.9720444372, 424772.255471661, 404715.91003673937, 2618.0585420594925]","[416637.9743038886, 417505.3600154521, 404715.91003673937, 2618.0585420594925]","[428897.53912521823, 428965.87386838195, 404715.91003673937, 2618.0585420594925]","[422928.5296480011, 425043.0228871478, 404715.91003673937, 2618.0585420594925]","[431293.8099857752, 432577.27009968646, 404715.91003673937, 2618.0585420594925]","[416287.8173220613, 418039.1608589486, 404715.91003673937, 2618.0585420594925]","[430090.83496635343, 430331.38847075804, 404715.91003673937, 2618.0585420594925]","[424020.99507450283, 424424.17036563985, 404715.91003673937, 2618.0585420594925]","[434150.6649873027, 434445.432808986, 404715.91003673937, 2618.0585420594925]","[426657.44789708144, 427572.1308606, 404715.91003673937, 2618.0585420594925]","[418666.2479758124, 418312.356129492, 404715.91003673937, 2618.0585420594925]","[455080.53122121905, 454913.0170315131, 404715.91003673937, 2618.0585420594925]","[438679.8067172095, 436811.3011824953, 404715.91003673937, 2618.0585420594925]"
"[448234.9860481208, 449521.8207180167, 438982.10732155107, 2801.6370700425523]","[473538.4949688109, 472455.43320319225, 438982.10732155107, 2801.6370700425523]","[486265.71008134406, 489348.4938634488, 438982.10732155107, 2801.6370700425523]","[462447.590973663, 462359.7496483381, 438982.10732155107, 2801.6370700425523]","[499719.8084632791, 501258.69898866443, 438982.10732155107, 2801.6370700425523]","[460545.07532682904, 461888.8784761679, 438982.10732155107, 2801.6370700425523]","[459351.2794646457, 456032.51275265194, 438982.10732155107, 2801.6370700425523]","[475565.4393415558, 476273.1813516343, 438982.10732155107, 2801.6370700425523]","[479292.0241996387, 481868.61353370827, 438982.10732155107, 2801.6370700425523]","[504395.95203106815, 504956.3083363816, 438982.10732155107, 2801.6370700425523]","[453318.2527646097, 454446.0716706211, 438982.10732155107, 2801.6370700425523]","[457377.8180745588, 457173.5482477988, 438982.10732155107, 2801.6370700425523]","[457044.35738741624, 457882.7245201761, 438982.10732155107, 2801.6370700425523]","[461196.359179016, 460435.0385020977, 438982.10732155107, 2801.6370700425523]","[456135.7465501217, 454374.2043508953, 438982.10732155107, 2801.6370700425523]","[465270.5255583544, 466490.319275956, 438982.10732155107, 2801.6370700425523]","[471369.50632723636, 470356.5250646852, 438982.10732155107, 2801.6370700425523]","[462364.4355760665, 463326.4498006878, 438982.10732155107, 2801.6370700425523]","[462588.8259479667, 464248.28375474695, 438982.10732155107, 2801.6370700425523]","[484316.1841384201, 484368.9809000807, 438982.10732155107, 2801.6370700425523]","[452991.46328584757, 453480.4297855786, 438982.10732155107, 2801.6370700425523]","[473610.83613060706, 474058.7680294487, 438982.10732155107, 2801.6370700425523]","[490034.7031154416, 490927.32619687356, 438982.10732155107, 2801.6370700425523]","[456992.03746905574, 456564.35302592156, 438982.10732155107, 2801.6370700425523]","[466662.11454145436, 474883.0223666742, 438982.10732155107, 2801.6370700425523]","[448887.0741012701, 449540.61090340256, 438982.10732155107, 2801.6370700425523]","[455891.7299107027, 455867.26259056194, 438982.10732155107, 2801.6370700425523]","[466002.48457894253, 468460.32436749653, 438982.10732155107, 2801.6370700425523]","[454256.5568460891, 454456.9682155579, 438982.10732155107, 2801.6370700425523]","[467985.9532857129, 471160.6572979365, 438982.10732155107, 2801.6370700425523]","[474677.68651419523, 472361.44923532987, 438982.10732155107, 2801.6370700425523]","[459471.6931405348, 462126.6191920924, 438982.10732155107, 2801.6370700425523]","[460369.4783927118, 461196.25611395505, 438982.10732155107, 2801.6370700425523]","[500763.16026404744, 503933.12657118327, 438982.10732155107, 2801.6370700425523]","[459516.4069542036, 463024.02919953864, 438982.10732155107, 2801.6370700425523]","[456179.2116778611, 457123.3097939063, 438982.10732155107, 2801.6370700425523]","[477086.99616782885, 481922.445495611, 438982.10732155107, 2801.6370700425523]","[460267.26649245346, 459192.932476859, 438982.10732155107, 2801.6370700425523]","[463864.0961293356, 463466.85722758685, 438982.10732155107, 2801.6370700425523]","[488044.521969886, 489541.2935230542, 438982.10732155107, 2801.6370700425523]","[452752.87485856115, 453313.91480825125, 438982.10732155107, 2801.6370700425523]","[464324.2436033752, 463896.46474798134, 438982.10732155107, 2801.6370700425523]","[446564.1328049671, 448185.67568031023, 438982.10732155107, 2801.6370700425523]","[470475.38167803077, 470502.99176172615, 438982.10732155107, 2801.6370700425523]","[488779.8007346951, 490303.3329636679, 438982.10732155107, 2801.6370700425523]","[472564.560573853, 473033.3564568055, 438982.10732155107, 2801.6370700425523]","[462462.97726454405, 465713.5996747799, 438982.10732155107, 2801.6370700425523]","[457197.2788194473, 460209.0705140003, 438982.10732155107, 2801.6370700425523]","[458246.8766338292, 460615.4329488689, 438982.10732155107, 2801.6370700425523]","[458855.67420685285, 458431.5621847021, 438982.10732155107, 2801.6370700425523]"
"[472367.7128296966, 473460.90222522744, 449401.2655678526, 2856.473527608365]","[472574.5882022631, 472396.99317974923, 449401.2655678526, 2856.473527608365]","[498061.62827698264, 497921.5898881992, 449401.2655678526, 2856.473527608365]","[493133.89963160205, 492524.1985630615, 449401.2655678526, 2856.473527608365]","[473761.83117953234, 487680.5973699492, 449401.2655678526, 2856.473527608365]","[467280.55779111176, 466428.6769960303, 449401.2655678526, 2856.473527608365]","[478753.1860400828, 480812.8584601524, 449401.2655678526, 2856.473527608365]","[477006.86032487697, 475561.99532598944, 449401.2655678526, 2856.473527608365]","[463042.3958252564, 464183.6881093938, 449401.2655678526, 2856.473527608365]","[488464.65985084686, 489865.28436550015, 449401.2655678526, 2856.473527608365]","[474718.1792286374, 474413.28334601136, 449401.2655678526, 2856.473527608365]","[547192.0776959922, 546913.0990394114, 449401.2655678526, 2856.473527608365]","[481275.86885267845, 483183.61931331217, 449401.2655678526, 2856.473527608365]","[472312.4235721028, 473589.3730796517, 449401.2655678526, 2856.473527608365]","[475434.91093055514, 479263.48875193455, 449401.2655678526, 2856.473527608365]","[464633.1816746045, 463347.76493788935, 449401.2655678526, 2856.473527608365]","[462023.30980616045, 462010.23409903666, 449401.2655678526, 2856.473527608365]","[467567.95326104836, 464989.2706614022, 449401.2655678526, 2856.473527608365]","[489292.8702500333, 488803.27325521514, 449401.2655678526, 2856.473527608365]","[489982.7279799365, 489476.4946799259, 449401.2655678526, 2856.473527608365]","[475126.2559821415, 474687.8375593782, 449401.2655678526, 2856.473527608365]","[484360.35091319325, 485107.789049213, 449401.2655678526, 2856.473527608365]","[476766.2069489, 473711.4698735357, 449401.2655678526, 2856.473527608365]","[484528.1409787513, 486625.0490098057, 449401.2655678526, 2856.473527608365]","[505906.1331686562, 506550.41513346933, 449401.2655678526, 2856.473527608365]","[470273.06078201183, 469854.20269062684, 449401.2655678526, 2856.473527608365]","[474947.1075608577, 476403.8363776124, 449401.2655678526, 2856.473527608365]","[484422.9860674034, 482651.6671173122, 449401.2655678526, 2856.473527608365]","[479397.53077454516, 481955.42033640674, 449401.2655678526, 2856.473527608365]","[518237.51365693926, 518505.9508042332, 449401.2655678526, 2856.473527608365]","[486548.8711133276, 486831.35107889236, 449401.2655678526, 2856.473527608365]","[469463.4027908866, 469916.5883637411, 449401.2655678526, 2856.473527608365]","[479329.5387502787, 480463.0918121932, 449401.2655678526, 2856.473527608365]","[463658.2507885325, 463593.26107934664, 449401.2655678526, 2856.473527608365]","[505364.5362860911, 504194.24719806627, 449401.2655678526, 2856.473527608365]","[465302.39286938054, 466108.0663386562, 449401.2655678526, 2856.473527608365]","[473845.0414609188, 475439.15112060995, 449401.2655678526, 2856.473527608365]","[488183.03636528255, 486371.3462359002, 449401.2655678526, 2856.473527608365]","[465989.2712577364, 466367.33411447075, 449401.2655678526, 2856.473527608365]","[481310.6375178689, 483644.5466053628, 449401.2655678526, 2856.473527608365]","[467215.67819955625, 468874.37187388673, 449401.2655678526, 2856.473527608365]","[495855.18566951016, 494747.81126190524, 449401.2655678526, 2856.473527608365]","[469730.03313014575, 470606.0807028234, 449401.2655678526, 2856.473527608365]","[461779.5697713297, 463565.2606987159, 449401.2655678526, 2856.473527608365]","[492457.03400281386, 491762.2015953475, 449401.2655678526, 2856.473527608365]","[471248.49347271497, 469348.1445309584, 449401.2655678526, 2856.473527608365]","[518843.928854542, 518965.57318740553, 449401.2655678526, 2856.473527608365]","[487275.7215842017, 483043.0373315913, 449401.2655678526, 2856.473527608365]","[472879.5419608889, 475340.63965661894, 449401.2655678526, 2856.473527608365]","[465831.5460386894, 465545.9361028736, 449401.2655678526, 2856.473527608365]"
"[456899.8659601139, 458070.5316053159, 437571.63642481476, 2790.0788208596005]","[448505.3537866261, 449172.580675887, 437571.63642481476, 2790.0788208596005]","[477568.4048598684, 481410.48931157874, 437571.63642481476, 2790.0788208596005]","[456859.859173923, 455472.2784723501, 437571.63642481476, 2790.0788208596005]","[451971.6883577639, 448168.83753768855, 437571.63642481476, 2790.0788208596005]","[481322.7551624422, 481857.4797161102, 437571.63642481476, 2790.0788208596005]","[467370.66653460125, 467787.6876950773, 437571.63642481476, 2790.0788208596005]","[462897.42922218423, 466663.52095116436, 437571.63642481476, 2790.0788208596005]","[531763.0929395763, 521799.6224025958, 437571.63642481476, 2790.0788208596005]","[466245.8751048454, 467108.21026344533, 437571.63642481476, 2790.0788208596005]","[453274.4747625409, 455713.85992119217, 437571.63642481476, 2790.0788208596005]","[462878.43740809825, 460343.96964912256, 437571.63642481476, 2790.0788208596005]","[451499.5258373176, 455192.8965549898, 437571.63642481476, 2790.0788208596005]","[473752.3649524054, 470061.44778137235, 437571.63642481476, 2790.0788208596005]","[457466.38736176083, 452066.2480037483, 437571.63642481476, 2790.0788208596005]","[464376.43736195884, 462039.8714980259, 437571.63642481476, 2790.0788208596005]","[482293.8125716595, 477439.2715028156, 437571.63642481476, 2790.0788208596005]","[477847.5786803095, 474116.7050995725, 437571.63642481476, 2790.0788208596005]","[484054.1911495618, 482499.46558587154, 437571.63642481476, 2790.0788208596005]","[448766.2570080949, 452004.09094933, 437571.63642481476, 2790.0788208596005]","[504797.3347898459, 505442.59104086465, 437571.63642481476, 2790.0788208596005]","[450429.5512407313, 450976.85714552726, 437571.63642481476, 2790.0788208596005]","[458669.15658244805, 460165.0207553887, 437571.63642481476, 2790.0788208596005]","[453543.0758044332, 454096.75691128033, 437571.63642481476, 2790.0788208596005]","[447094.2140883274, 446602.3746569315, 437571.63642481476, 2790.0788208596005]","[454533.52244859486, 455605.4043343134, 437571.63642481476, 2790.0788208596005]","[454226.2601441068, 454400.7798391282, 437571.63642481476, 2790.0788208596005]","[454500.3360521117, 456241.47391667136, 437571.63642481476, 2790.0788208596005]","[460868.42425647133, 461956.126120704, 437571.63642481476, 2790.0788208596005]","[478296.2903951744, 479777.7395560038, 437571.63642481476, 2790.0788208596005]","[459996.3237591255, 460495.92739618785, 437571.63642481476, 2790.0788208596005]","[464395.8909937362, 468943.82538734586, 437571.63642481476, 2790.0788208596005]","[500604.5698932255, 504004.0881324679, 437571.63642481476, 2790.0788208596005]","[458516.87212779484, 458575.1860232466, 437571.63642481476, 2790.0788208596005]","[476142.13681548915, 473994.3036047189, 437571.63642481476, 2790.0788208596005]","[452315.08126388374, 451667.6813182712, 437571.63642481476, 2790.0788208596005]","[456354.2826558436, 455908.4663613241, 437571.63642481476, 2790.0788208596005]","[491208.358267058, 488120.50809995056, 437571.63642481476, 2790.0788208596005]","[454080.731293214, 457695.4063495926, 437571.63642481476, 2790.0788208596005]","[476896.23568381486, 480456.91787382663, 437571.63642481476, 2790.0788208596005]","[461428.84234127426, 462146.7797625921, 437571.63642481476, 2790.0788208596005]","[455049.9197085566, 457119.21021344885, 437571.63642481476, 2790.0788208596005]","[465977.5246816046, 466105.217975444, 437571.63642481476, 2790.0788208596005]","[464486.86328909354, 466081.90145733394, 437571.63642481476, 2790.0788208596005]","[483111.9600568171, 484025.8997078991, 437571.63642481476, 2790.0788208596005]","[457221.92568337254, 452974.8250684143, 437571.63642481476, 2790.0788208596005]","[447083.8143939861, 448886.3437260678, 437571.63642481476, 2790.0788208596005]","[468858.7259664876, 466585.2424319269, 437571.63642481476, 2790.0788208596005]","[460200.48452262493, 461033.58700979647, 437571.63642481476, 2790.0788208596005]","[470875.5178001946, 472306.8982618924, 437571.63642481476, 2790.0788208596005]"
"[424670.10413489264, 425147.1578229661, 403150.62801582395, 2621.929915200659]","[432952.63233529497, 437086.9507853314, 403150.62801582395, 2621.929915200659]","[441891.37468915974, 442395.08481626207, 403150.62801582395, 2621.929915200659]","[433852.90617837815, 434367.1604030134, 403150.62801582395, 2621.929915200659]","[431832.99729077955, 434746.9308935125, 403150.62801582395, 2621.929915200659]","[439161.97078434966, 436001.779654531, 403150.62801582395, 2621.929915200659]","[443689.180398246, 443563.3525077443, 403150.62801582395, 2621.929915200659]","[417584.498359939, 418198.07611969643, 403150.62801582395, 2621.929915200659]","[441802.2960903258, 442786.08357948106, 403150.62801582395, 2621.929915200659]","[414451.65214436845, 416080.8433350983, 403150.62801582395, 2621.929915200659]","[416099.78888697625, 419012.1459200144, 403150.62801582395, 2621.929915200659]","[416141.6995742501, 416063.67808517686, 403150.62801582395, 2621.929915200659]","[442693.23082554655, 442440.8164923449, 403150.62801582395, 2621.929915200659]","[436746.1386335685, 437664.83958188543, 403150.62801582395, 2621.929915200659]","[436854.92433432245, 439241.1075593536, 403150.62801582395, 2621.929915200659]","[429662.76409756416, 429859.3925704229, 403150.62801582395, 2621.929915200659]","[414126.58024480817, 413916.7863985582, 403150.62801582395, 2621.929915200659]","[437053.7982812459, 436426.19117953145, 403150.62801582395, 2621.929915200659]","[433183.11895337753, 435119.14333371393, 403150.62801582395, 2621.929915200659]","[414774.28005953255, 414197.1352609079, 403150.62801582395, 2621.929915200659]","[421949.5153614498, 419576.95813560137, 403150.62801582395, 2621.929915200659]","[455259.1144343286, 457516.4148558967, 403150.62801582395, 2621.929915200659]","[430871.89887644525, 430242.9574551211, 403150.62801582395, 2621.929915200659]","[416376.461869648, 416027.8266271596, 403150.62801582395, 2621.929915200659]","[423862.13226186717, 425135.2334409422, 403150.62801582395, 2621.929915200659]","[416566.1373407476, 417739.67952377285, 403150.62801582395, 2621.929915200659]","[424816.55834528274, 425083.7578903073, 403150.62801582395, 2621.929915200659]","[456773.76245185145, 444375.1356692849, 403150.62801582395, 2621.929915200659]","[435757.74552069436, 437386.4504539735, 403150.62801582395, 2621.929915200659]","[422230.9652030831, 421539.7298832046, 403150.62801582395, 2621.929915200659]","[444589.5732138633, 440470.0190295859, 403150.62801582395, 2621.929915200659]","[430563.60381438414, 430312.2680049897, 403150.62801582395, 2621.929915200659]","[413334.17093912745, 415749.00291552016, 403150.62801582395, 2621.929915200659]","[439672.38085947296, 438796.3712745711, 403150.62801582395, 2621.929915200659]","[416646.2401911963, 417093.0227044822, 403150.62801582395, 2621.929915200659]","[431333.8139203647, 433758.35230606253, 403150.62801582395, 2621.929915200659]","[432782.2084836528, 434691.1277198992, 403150.62801582395, 2621.929915200659]","[450912.7211794581, 451245.3001695929, 403150.62801582395, 2621.929915200659]","[417525.96944607515, 417927.444988233, 403150.62801582395, 2621.929915200659]","[433099.73943011044, 431887.23511026497, 403150.62801582395, 2621.929915200659]","[446643.3136113074, 439802.45268938533, 403150.62801582395, 2621.929915200659]","[415116.33805159334, 414793.3727755931, 403150.62801582395, 2621.929915200659]","[416773.05957291636, 415566.8585405425, 403150.62801582395, 2621.929915200659]","[417201.3605360102, 415592.5560863444, 403150.62801582395, 2621.929915200659]","[420082.15685575607, 420391.83177312353, 403150.62801582395, 2621.929915200659]","[421159.6957682563, 419268.23353845015, 403150.62801582395, 2621.929915200659]","[421816.53504518745, 426857.22723163344, 403150.62801582395, 2621.929915200659]","[423865.2949421227, 422927.9733725474, 403150.62801582395, 2621.929915200659]","[426145.5554208455, 426430.84002184885, 403150.62801582395, 2621.929915200659]","[428901.0333181333, 428398.8160677763, 403150.62801582395, 2621.929915200659]"
"[511716.9418348137, 517524.55402127915, 458856.72058079176, 2933.171937454758]","[479053.996965442, 482565.4567251759, 458856.72058079176, 2933.171937454758]","[473389.30285403633, 472778.78318057786, 458856.72058079176, 2933.171937454758]","[480319.87832601747, 482641.3625503739, 458856.72058079176, 2933.171937454758]","[490362.4288084562, 491252.0038408184, 458856.72058079176, 2933.171937454758]","[506430.5252130325, 507511.1755487963, 458856.72058079176, 2933.171937454758]","[477265.73867061007, 476968.62126225483, 458856.72058079176, 2933.171937454758]","[552569.1103601275, 556266.9460113312, 458856.72058079176, 2933.171937454758]","[479967.11575287604, 481302.3170248815, 458856.72058079176, 2933.171937454758]","[497923.0032865307, 502462.40017896553, 458856.72058079176, 2933.171937454758]","[493746.19569640956, 492345.4479222859, 458856.72058079176, 2933.171937454758]","[470847.908918088, 471920.11951754807, 458856.72058079176, 2933.171937454758]","[484072.45748547727, 489571.1091492156, 458856.72058079176, 2933.171937454758]","[474833.2948401458, 476315.4091869785, 458856.72058079176, 2933.171937454758]","[488766.13115254097, 491622.1525635995, 458856.72058079176, 2933.171937454758]","[480271.8491060028, 480174.6195342789, 458856.72058079176, 2933.171937454758]","[480482.89471322694, 484052.22674581344, 458856.72058079176, 2933.171937454758]","[498008.1439992006, 500443.4704355359, 458856.72058079176, 2933.171937454758]","[479028.96015802183, 479057.7419203278, 458856.72058079176, 2933.171937454758]","[481774.63585057604, 482946.39691657433, 458856.72058079176, 2933.171937454758]","[503040.6774105267, 506709.1416726442, 458856.72058079176, 2933.171937454758]","[487033.4658085295, 487088.4434804105, 458856.72058079176, 2933.171937454758]","[481627.3294711239, 481375.54556261253, 458856.72058079176, 2933.171937454758]","[481689.7287264663, 482525.3727199784, 458856.72058079176, 2933.171937454758]","[477162.9742919226, 479347.84798555, 458856.72058079176, 2933.171937454758]","[476333.75344454485, 477460.9825274354, 458856.72058079176, 2933.171937454758]","[476992.6619121341, 476019.87180477235, 458856.72058079176, 2933.171937454758]","[494300.2723731067, 496804.4928204487, 458856.72058079176, 2933.171937454758]","[492822.0155897606, 496015.14259026834, 458856.72058079176, 2933.171937454758]","[494259.443684831, 492358.79966700356, 458856.72058079176, 2933.171937454758]","[486949.16792862996, 486670.37481927354, 458856.72058079176, 2933.171937454758]","[469922.6583515558, 471579.14848416095, 458856.72058079176, 2933.171937454758]","[488009.57881585165, 490070.30624511617, 458856.72058079176, 2933.171937454758]","[473277.1290876909, 472994.15306752746, 458856.72058079176, 2933.171937454758]","[502074.80889545055, 506386.9952051245, 458856.72058079176, 2933.171937454758]","[480150.2889216595, 476771.41094527015, 458856.72058079176, 2933.171937454758]","[498131.8407834062, 497452.2776188446, 458856.72058079176, 2933.171937454758]","[473170.815100709, 471258.022924312, 458856.72058079176, 2933.171937454758]","[484144.11285182927, 484984.7183881494, 458856.72058079176, 2933.171937454758]","[473386.4599424784, 473391.0711560832, 458856.72058079176, 2933.171937454758]","[484248.6266374135, 485820.02355983306, 458856.72058079176, 2933.171937454758]","[487802.4045216889, 487105.3656621328, 458856.72058079176, 2933.171937454758]","[474189.69434566266, 477863.5081919759, 458856.72058079176, 2933.171937454758]","[494207.1229476621, 497975.928851393, 458856.72058079176, 2933.171937454758]","[475921.8756792858, 479275.0548738692, 458856.72058079176, 2933.171937454758]","[477909.3131936104, 480741.46589926066, 458856.72058079176, 2933.171937454758]","[477882.8401131615, 479995.0377344842, 458856.72058079176, 2933.171937454758]","[489172.758611582, 494092.2584767093, 458856.72058079176, 2933.171937454758]","[479937.77456730336, 479232.8893777312, 458856.72058079176, 2933.171937454758]","[488724.06278178893, 488132.78065137897, 458856.72058079176, 2933.171937454758]"
"[457913.472970503, 459295.4081886996, 440980.6399860567, 2772.4532466316527]","[485961.800766402, 485860.9904984817, 440980.6399860567, 2772.4532466316527]","[467735.56073753943, 463251.5614441257, 440980.6399860567, 2772.4532466316527]","[494852.12393874413, 499959.1897680698, 440980.6399860567, 2772.4532466316527]","[463105.26746213593, 463540.3347896691, 440980.6399860567, 2772.4532466316527]","[463889.6154428034, 465938.37113874726, 440980.6399860567, 2772.4532466316527]","[460757.6839250998, 460403.344065659, 440980.6399860567, 2772.4532466316527]","[453580.5737287959, 453672.3010635948, 440980.6399860567, 2772.4532466316527]","[460983.5692475422, 463476.8707835839, 440980.6399860567, 2772.4532466316527]","[458190.83449540945, 455955.4933087122, 440980.6399860567, 2772.4532466316527]","[453684.8690844708, 453637.08846610866, 440980.6399860567, 2772.4532466316527]","[449346.9316838975, 450003.3485381071, 440980.6399860567, 2772.4532466316527]","[472967.5876361046, 472202.7971865449, 440980.6399860567, 2772.4532466316527]","[456604.66834716673, 457506.1824161387, 440980.6399860567, 2772.4532466316527]","[451676.5280221414, 452974.4921434506, 440980.6399860567, 2772.4532466316527]","[493456.6588396798, 494615.6958006056, 440980.6399860567, 2772.4532466316527]","[471816.70719691366, 473507.8501411642, 440980.6399860567, 2772.4532466316527]","[471640.0779321664, 470416.79983986495, 440980.6399860567, 2772.4532466316527]","[470559.27658231056, 468335.2457655035, 440980.6399860567, 2772.4532466316527]","[459608.78520652733, 460454.40336086816, 440980.6399860567, 2772.4532466316527]","[466082.7054600848, 466516.7559434242, 440980.6399860567, 2772.4532466316527]","[471068.1061638806, 473015.91945072846, 440980.6399860567, 2772.4532466316527]","[471803.95149460086, 470781.24109424965, 440980.6399860567, 2772.4532466316527]","[461314.93357776006, 461369.73285143566, 440980.6399860567, 2772.4532466316527]","[485043.4728796212, 478960.3521545727, 440980.6399860567, 2772.4532466316527]","[467164.53552380565, 466228.444965369, 440980.6399860567, 2772.4532466316527]","[496961.3760098727, 490379.45339246234, 440980.6399860567, 2772.4532466316527]","[493538.63426637405, 494297.4631274373, 440980.6399860567, 2772.4532466316527]","[465573.7839528418, 465910.84461044124, 440980.6399860567, 2772.4532466316527]","[488757.3413417262, 487314.0896899218, 440980.6399860567, 2772.4532466316527]","[464886.3957994472, 465334.74827757996, 440980.6399860567, 2772.4532466316527]","[459738.29696776025, 459552.8064293754, 440980.6399860567, 2772.4532466316527]","[457376.11900828185, 456330.3174646378, 440980.6399860567, 2772.4532466316527]","[482510.5026022355, 482399.3231235167, 440980.6399860567, 2772.4532466316527]","[453515.5450490296, 453265.53784039355, 440980.6399860567, 2772.4532466316527]","[466198.35702958377, 466896.63803839515, 440980.6399860567, 2772.4532466316527]","[498035.3465987558, 496016.4717869184, 440980.6399860567, 2772.4532466316527]","[454828.7401278085, 455267.82041549607, 440980.6399860567, 2772.4532466316527]","[456251.33719236724, 457052.10453653784, 440980.6399860567, 2772.4532466316527]","[465762.40027466894, 465213.13361004775, 440980.6399860567, 2772.4532466316527]","[463226.92983249825, 462914.24088093115, 440980.6399860567, 2772.4532466316527]","[458670.7048998995, 460309.89490984427, 440980.6399860567, 2772.4532466316527]","[478676.6162078337, 474676.2778136989, 440980.6399860567, 2772.4532466316527]","[458870.1105903378, 460829.82364654064, 440980.6399860567, 2772.4532466316527]","[455673.1552942468, 456395.58835606434, 440980.6399860567, 2772.4532466316527]","[464646.95372000796, 465264.98485808366, 440980.6399860567, 2772.4532466316527]","[463053.3652154728, 464368.1529645426, 440980.6399860567, 2772.4532466316527]","[463202.73698616965, 464256.831429073, 440980.6399860567, 2772.4532466316527]","[473260.6303716755, 473500.43291087874, 440980.6399860567, 2772.4532466316527]","[454638.00620005804, 454767.16834277485, 440980.6399860567, 2772.4532466316527]"
"[470182.89096398803, 473234.37351875147, 420411.3792422684, 2738.661370879637]","[442718.8275288942, 441429.0463100168, 420411.3792422684, 2738.661370879637]","[432518.8675069291, 431496.8338581103, 420411.3792422684, 2738.661370879637]","[431439.41922420374, 432078.52390999824, 420411.3792422684, 2738.661370879637]","[449735.39427030756, 451473.11900989694, 420411.3792422684, 2738.661370879637]","[457207.58494606335, 456808.63916646753, 420411.3792422684, 2738.661370879637]","[442040.71974250564, 441467.1857206472, 420411.3792422684, 2738.661370879637]","[438786.8243224019, 436169.29924481094, 420411.3792422684, 2738.661370879637]","[462884.0550884318, 468224.0947695937, 420411.3792422684, 2738.661370879637]","[431164.72163371556, 431305.3106990973, 420411.3792422684, 2738.661370879637]","[435249.27619191865, 437645.4367159176, 420411.3792422684, 2738.661370879637]","[436270.02424516075, 436244.9360723747, 420411.3792422684, 2738.661370879637]","[450478.5766832714, 448506.03939640446, 420411.3792422684, 2738.661370879637]","[451492.4685556345, 453135.0876241576, 420411.3792422684, 2738.661370879637]","[453263.8403382285, 455124.84360572457, 420411.3792422684, 2738.661370879637]","[432463.7103393547, 432240.1827654306, 420411.3792422684, 2738.661370879637]","[439348.6855778675, 442334.26563359733, 420411.3792422684, 2738.661370879637]","[443208.28070336056, 443502.1390079436, 420411.3792422684, 2738.661370879637]","[436228.3606235751, 436169.4243258018, 420411.3792422684, 2738.661370879637]","[434465.6360763147, 433594.0952948962, 420411.3792422684, 2738.661370879637]","[450144.17286241724, 449525.7639932297, 420411.3792422684, 2738.661370879637]","[471384.409623906, 476624.489955545, 420411.3792422684, 2738.661370879637]","[449140.5426795881, 449202.8452594452, 420411.3792422684, 2738.661370879637]","[432353.5739959072, 432015.42771433276, 420411.3792422684, 2738.661370879637]","[431710.70403764426, 432455.95230746776, 420411.3792422684, 2738.661370879637]","[428235.0462294898, 428750.09800210496, 420411.3792422684, 2738.661370879637]","[436970.8429095069, 436968.9379714788, 420411.3792422684, 2738.661370879637]","[443230.1878170758, 442132.31221198535, 420411.3792422684, 2738.661370879637]","[429632.37069765944, 430461.64316514676, 420411.3792422684, 2738.661370879637]","[443945.4147822802, 444004.5295531367, 420411.3792422684, 2738.661370879637]","[458735.0005434407, 460239.742391924, 420411.3792422684, 2738.661370879637]","[437998.2459055947, 434745.39963734103, 420411.3792422684, 2738.661370879637]","[441479.32628118113, 442936.39849070675, 420411.3792422684, 2738.661370879637]","[442831.6427509475, 440859.6140529321, 420411.3792422684, 2738.661370879637]","[436565.45528956805, 436175.6608356573, 420411.3792422684, 2738.661370879637]","[442296.96924426017, 440985.5468340187, 420411.3792422684, 2738.661370879637]","[447359.8075745245, 448817.1253374284, 420411.3792422684, 2738.661370879637]","[452842.93047224946, 452792.582495773, 420411.3792422684, 2738.661370879637]","[441558.1200825815, 441140.2006887667, 420411.3792422684, 2738.661370879637]","[452504.65733644704, 452729.9758664673, 420411.3792422684, 2738.661370879637]","[439116.34211160865, 441352.7259633451, 420411.3792422684, 2738.661370879637]","[436119.9546216989, 433386.9855270467, 420411.3792422684, 2738.661370879637]","[433072.228911603, 432902.8601873138, 420411.3792422684, 2738.661370879637]","[467712.915544547, 466853.57123263174, 420411.3792422684, 2738.661370879637]","[444695.3637196173, 444836.8189775141, 420411.3792422684, 2738.661370879637]","[472509.03605781146, 473344.3816175927, 420411.3792422684, 2738.661370879637]","[434171.4808259585, 431403.65192366275, 420411.3792422684, 2738.661370879637]","[440299.4262587409, 441081.5149686648, 420411.3792422684, 2738.661370879637]","[444705.98852778075, 444506.71108088345, 420411.3792422684, 2738.661370879637]","[465864.76071427803, 467046.8242512679, 420411.3792422684, 2738.661370879637]"
"[427040.84923393023, 428758.6631479389, 408376.92583364627, 2638.9722241309446]","[428980.90448423015, 430571.12150661874, 408376.92583364627, 2638.9722241309446]","[424592.67889429186, 424573.26663406804, 408376.92583364627, 2638.9722241309446]","[438823.5378296872, 438218.30336046184, 408376.92583364627, 2638.9722241309446]","[442203.68395849597, 444593.87705860985, 408376.92583364627, 2638.9722241309446]","[417818.85436007363, 418716.1231552122, 408376.92583364627, 2638.9722241309446]","[428760.7154809671, 428402.70468977204, 408376.92583364627, 2638.9722241309446]","[431372.5202093976, 431307.9528383721, 408376.92583364627, 2638.9722241309446]","[417356.0687437993, 417135.51338682324, 408376.92583364627, 2638.9722241309446]","[424221.85567480227, 423671.2123595637, 408376.92583364627, 2638.9722241309446]","[433332.7132023094, 431495.1110281048, 408376.92583364627, 2638.9722241309446]","[432250.07340046915, 433993.3125239743, 408376.92583364627, 2638.9722241309446]","[437151.66442427895, 438525.56470892474, 408376.92583364627, 2638.9722241309446]","[463374.6582879759, 461668.26338277385, 408376.92583364627, 2638.9722241309446]","[435129.5803540338, 431727.9041132908, 408376.92583364627, 2638.9722241309446]","[437194.09015169187, 438435.02872502705, 408376.92583364627, 2638.9722241309446]","[439181.8470463654, 439632.8063098358, 408376.92583364627, 2638.9722241309446]","[416537.9868751495, 418277.0690398274, 408376.92583364627, 2638.9722241309446]","[432416.67053320067, 432602.0544555278, 408376.92583364627, 2638.9722241309446]","[431135.6689127358, 430857.3917803176, 408376.92583364627, 2638.9722241309446]","[423445.6040564641, 434214.5563202104, 408376.92583364627, 2638.9722241309446]","[476378.60076474585, 478484.46873993805, 408376.92583364627, 2638.9722241309446]","[416761.8276566311, 416527.88284945895, 408376.92583364627, 2638.9722241309446]","[420467.1848921989, 421381.4903931446, 408376.92583364627, 2638.9722241309446]","[425681.1198314463, 425782.15731753147, 408376.92583364627, 2638.9722241309446]","[417631.32957833435, 417494.14436507516, 408376.92583364627, 2638.9722241309446]","[426652.6111695974, 425734.9974752766, 408376.92583364627, 2638.9722241309446]","[436359.2090192434, 435553.83860108466, 408376.92583364627, 2638.9722241309446]","[429258.5095766139, 428851.51931174746, 408376.92583364627, 2638.9722241309446]","[428525.14154642087, 436311.3925073399, 408376.92583364627, 2638.9722241309446]","[430448.4651537438, 425462.8720795722, 408376.92583364627, 2638.9722241309446]","[429182.69341332756, 430725.4053604723, 408376.92583364627, 2638.9722241309446]","[462825.91278062813, 461207.0832476363, 408376.92583364627, 2638.9722241309446]","[439937.7251131395, 441986.6219590027, 408376.92583364627, 2638.9722241309446]","[434934.50757626205, 433345.26474206586, 408376.92583364627, 2638.9722241309446]","[443294.3733764129, 442598.2217657925, 408376.92583364627, 2638.9722241309446]","[529779.5830297399, 531862.1498718723, 408376.92583364627, 2638.9722241309446]","[420402.52297513717, 419574.71401585627, 408376.92583364627, 2638.9722241309446]","[420657.11040014605, 421922.9915152765, 408376.92583364627, 2638.9722241309446]","[448743.60187640606, 447768.36423178465, 408376.92583364627, 2638.9722241309446]","[422409.43018494116, 426163.15100502176, 408376.92583364627, 2638.9722241309446]","[427077.273511886, 425547.3684113598, 408376.92583364627, 2638.9722241309446]","[427087.24904848967, 427613.63178762014, 408376.92583364627, 2638.9722241309446]","[417138.06291609415, 418205.0434856475, 408376.92583364627, 2638.9722241309446]","[431187.26429238, 430431.6333816226, 408376.92583364627, 2638.9722241309446]","[416826.26483129, 417535.5965436577, 408376.92583364627, 2638.9722241309446]","[425526.7882229433, 424505.133919321, 408376.92583364627, 2638.9722241309446]","[455895.7720956322, 449927.61546239216, 408376.92583364627, 2638.9722241309446]","[445436.5260821192, 445419.9629772676, 408376.92583364627, 2638.9722241309446]","[426199.6955778286, 428966.2373001737, 408376.92583364627, 2638.9722241309446]"
"[446115.8828855178, 446008.2179733352, 430750.03514146066, 2786.536201520382]","[452667.7266024306, 455030.9830192398, 430750.03514146066, 2786.536201520382]","[445539.38542422326, 446546.9007414936, 430750.03514146066, 2786.536201520382]","[480079.51454383833, 476953.6606497193, 430750.03514146066, 2786.536201520382]","[466043.68409218744, 465968.74410477077, 430750.03514146066, 2786.536201520382]","[457771.82756903034, 457210.6328351358, 430750.03514146066, 2786.536201520382]","[444692.8096931855, 444118.93124170124, 430750.03514146066, 2786.536201520382]","[444958.47013768443, 444086.2268617996, 430750.03514146066, 2786.536201520382]","[443908.94833458634, 443643.52666726697, 430750.03514146066, 2786.536201520382]","[460472.84603935556, 460295.77066706645, 430750.03514146066, 2786.536201520382]","[446333.1022283219, 446270.5183991582, 430750.03514146066, 2786.536201520382]","[466485.1727415505, 464897.0175901798, 430750.03514146066, 2786.536201520382]","[440036.8987027619, 441634.43917611695, 430750.03514146066, 2786.536201520382]","[453399.3315467828, 455814.6941910736, 430750.03514146066, 2786.536201520382]","[461104.09362515097, 461198.80162333546, 430750.03514146066, 2786.536201520382]","[450100.44649974204, 449438.57594965334, 430750.03514146066, 2786.536201520382]","[442427.96124103596, 443476.16724603006, 430750.03514146066, 2786.536201520382]","[475081.3867242408, 473808.2289798426, 430750.03514146066, 2786.536201520382]","[449545.4058683204, 449731.6187254512, 430750.03514146066, 2786.536201520382]","[473872.1248441193, 474006.81242044445, 430750.03514146066, 2786.536201520382]","[462155.5924337164, 461973.981784961, 430750.03514146066, 2786.536201520382]","[442110.0014525798, 442926.5380721014, 430750.03514146066, 2786.536201520382]","[458356.4734599579, 464016.9409275341, 430750.03514146066, 2786.536201520382]","[443705.82647418964, 442620.77676662966, 430750.03514146066, 2786.536201520382]","[494489.8964491223, 494039.90031214437, 430750.03514146066, 2786.536201520382]","[480518.9837940501, 479332.56333441724, 430750.03514146066, 2786.536201520382]","[466303.355482303, 465496.32886082574, 430750.03514146066, 2786.536201520382]","[450666.7150431714, 452272.6725741675, 430750.03514146066, 2786.536201520382]","[464731.08324100106, 465120.3367533509, 430750.03514146066, 2786.536201520382]","[458929.19276790554, 458298.86292587087, 430750.03514146066, 2786.536201520382]","[448829.6121805231, 447996.24616425607, 430750.03514146066, 2786.536201520382]","[456135.9915597766, 456795.09587547113, 430750.03514146066, 2786.536201520382]","[443207.68361711514, 443201.6521833624, 430750.03514146066, 2786.536201520382]","[459762.1223849952, 461549.78255831264, 430750.03514146066, 2786.536201520382]","[501305.7355018809, 501656.48190501134, 430750.03514146066, 2786.536201520382]","[462703.9262111451, 464886.60722341633, 430750.03514146066, 2786.536201520382]","[482683.8058514871, 480546.364677139, 430750.03514146066, 2786.536201520382]","[456638.2058092246, 458565.42691007163, 430750.03514146066, 2786.536201520382]","[450155.5531096296, 452336.77816083614, 430750.03514146066, 2786.536201520382]","[458668.0201283256, 457370.58403379726, 430750.03514146066, 2786.536201520382]","[456557.9590386308, 456404.58382995677, 430750.03514146066, 2786.536201520382]","[448849.5319904316, 449286.8262041228, 430750.03514146066, 2786.536201520382]","[440524.23176528636, 440678.10292711266, 430750.03514146066, 2786.536201520382]","[445652.6865621127, 444949.35791768966, 430750.03514146066, 2786.536201520382]","[437886.7581113326, 438329.40250513435, 430750.03514146066, 2786.536201520382]","[440130.37943875045, 440836.1591713343, 430750.03514146066, 2786.536201520382]","[449187.3939074013, 449614.1539521293, 430750.03514146066, 2786.536201520382]","[457064.37775551196, 457579.7529673196, 430750.03514146066, 2786.536201520382]","[445049.8718560542, 445039.7209382256, 430750.03514146066, 2786.536201520382]","[453062.5422066666, 456478.8438103516, 430750.03514146066, 2786.536201520382]"
"[436100.0364677176, 436214.88947979576, 408287.7032674314, 2646.991873263553]","[440122.2102059093, 440190.4949683833, 408287.7032674314, 2646.991873263553]","[423811.42006929865, 423925.71282399644, 408287.7032674314, 2646.991873263553]","[443269.3991596837, 444373.8835165891, 408287.7032674314, 2646.991873263553]","[441665.36372748535, 441784.79399302235, 408287.7032674314, 2646.991873263553]","[424206.53675250063, 424002.30598133913, 408287.7032674314, 2646.991873263553]","[431094.233187806, 433014.71735356137, 408287.7032674314, 2646.991873263553]","[427027.79621520464, 428491.9437328773, 408287.7032674314, 2646.991873263553]","[429587.9837988448, 437000.67469575437, 408287.7032674314, 2646.991873263553]","[430025.8304118535, 429165.21710350463, 408287.7032674314, 2646.991873263553]","[436578.6523007237, 437350.4416606493, 408287.7032674314, 2646.991873263553]","[434205.6895993005, 435279.26850246516, 408287.7032674314, 2646.991873263553]","[420654.11729002756, 421066.84847366466, 408287.7032674314, 2646.991873263553]","[423112.9841432542, 423283.2142106425, 408287.7032674314, 2646.991873263553]","[440511.17327319557, 440892.8131704801, 408287.7032674314, 2646.991873263553]","[418826.29541287187, 419228.0555243085, 408287.7032674314, 2646.991873263553]","[442598.44450672617, 442408.8458754946, 408287.7032674314, 2646.991873263553]","[420289.0706501839, 420026.3353101033, 408287.7032674314, 2646.991873263553]","[424449.51382549584, 423959.1126578809, 408287.7032674314, 2646.991873263553]","[465860.7548476171, 466942.14409815613, 408287.7032674314, 2646.991873263553]","[425240.90065824863, 425417.92351720453, 408287.7032674314, 2646.991873263553]","[426149.2244448217, 426213.7368653792, 408287.7032674314, 2646.991873263553]","[434564.9790276917, 438109.7987813862, 408287.7032674314, 2646.991873263553]","[430935.85324855824, 429992.7361400888, 408287.7032674314, 2646.991873263553]","[441010.69916094356, 438969.7238460498, 408287.7032674314, 2646.991873263553]","[426087.8281420126, 426368.701648327, 408287.7032674314, 2646.991873263553]","[431173.24743503274, 431003.81685947464, 408287.7032674314, 2646.991873263553]","[441468.3319626042, 443294.7282539892, 408287.7032674314, 2646.991873263553]","[444285.4805433935, 444281.6308625667, 408287.7032674314, 2646.991873263553]","[434404.00028489175, 435989.77571734897, 408287.7032674314, 2646.991873263553]","[454682.22871633276, 454338.7310952426, 408287.7032674314, 2646.991873263553]","[424091.7739671409, 424209.39301684307, 408287.7032674314, 2646.991873263553]","[428705.3203763674, 429328.6132974788, 408287.7032674314, 2646.991873263553]","[415931.9599723671, 416424.0621266991, 408287.7032674314, 2646.991873263553]","[440750.4602776299, 440277.84273529955, 408287.7032674314, 2646.991873263553]","[435050.7441222477, 434878.5660886226, 408287.7032674314, 2646.991873263553]","[440018.35400698695, 439576.75492751104, 408287.7032674314, 2646.991873263553]","[428624.5839063818, 434115.78744190664, 408287.7032674314, 2646.991873263553]","[448489.2089351274, 450271.9535272147, 408287.7032674314, 2646.991873263553]","[433770.58651123283, 434636.3391680321, 408287.7032674314, 2646.991873263553]","[419789.7539460663, 420508.0785301445, 408287.7032674314, 2646.991873263553]","[424443.0254345836, 424988.3331757028, 408287.7032674314, 2646.991873263553]","[443361.3865811622, 442095.8010232398, 408287.7032674314, 2646.991873263553]","[427471.77820388466, 428046.1102458454, 408287.7032674314, 2646.991873263553]","[431335.27169514616, 432470.04022517777, 408287.7032674314, 2646.991873263553]","[437481.1824833605, 436727.1760536805, 408287.7032674314, 2646.991873263553]","[442712.393725239, 441723.1088756287, 408287.7032674314, 2646.991873263553]","[418213.49904167553, 418934.1050890649, 408287.7032674314, 2646.991873263553]","[435590.72685641114, 438304.57833112613, 408287.7032674314, 2646.991873263553]","[426601.7726148221, 426586.8501270896, 408287.7032674314, 2646.991873263553]"
"[440609.5746982616, 439929.1423131973, 420097.41162690753, 2716.2849108824475]","[461104.63677042344, 457255.9878123993, 420097.41162690753, 2716.2849108824475]","[457614.7913480025, 456276.7203412986, 420097.41162690753, 2716.2849108824475]","[429792.3283242657, 429065.5552500862, 420097.41162690753, 2716.2849108824475]","[435547.0961725274, 434797.862528449, 420097.41162690753, 2716.2849108824475]","[432771.27765981044, 434505.52902894135, 420097.41162690753, 2716.2849108824475]","[458909.74490643083, 460633.1888331079, 420097.41162690753, 2716.2849108824475]","[437155.2705406763, 439244.121769108, 420097.41162690753, 2716.2849108824475]","[442558.1824750124, 440801.04472266155, 420097.41162690753, 2716.2849108824475]","[431619.9759946995, 433953.297427959, 420097.41162690753, 2716.2849108824475]","[459497.79302497016, 464644.5661866723, 420097.41162690753, 2716.2849108824475]","[447540.6422596794, 450344.14207514987, 420097.41162690753, 2716.2849108824475]","[452378.9629087327, 453430.2166320701, 420097.41162690753, 2716.2849108824475]","[455895.4034447702, 458292.1291153007, 420097.41162690753, 2716.2849108824475]","[486949.9339450012, 486844.25411529135, 420097.41162690753, 2716.2849108824475]","[440355.9988061001, 440242.9820074888, 420097.41162690753, 2716.2849108824475]","[432334.50899764826, 434068.88036326173, 420097.41162690753, 2716.2849108824475]","[461420.47371608985, 462502.6335758749, 420097.41162690753, 2716.2849108824475]","[440551.2162566447, 445144.51141137263, 420097.41162690753, 2716.2849108824475]","[474655.55271342315, 467813.68060899916, 420097.41162690753, 2716.2849108824475]","[450083.7947338859, 449735.738724903, 420097.41162690753, 2716.2849108824475]","[439527.62083979807, 436026.785040007, 420097.41162690753, 2716.2849108824475]","[471720.3744433282, 469072.04726239573, 420097.41162690753, 2716.2849108824475]","[438558.20509542746, 439247.6969589769, 420097.41162690753, 2716.2849108824475]","[431910.43159632134, 433380.26078267524, 420097.41162690753, 2716.2849108824475]","[450512.8946157925, 452375.4577160071, 420097.41162690753, 2716.2849108824475]","[455219.4245808093, 456049.311462524, 420097.41162690753, 2716.2849108824475]","[456460.72605589277, 455829.20436936856, 420097.41162690753, 2716.2849108824475]","[471184.5774944031, 469675.2440357727, 420097.41162690753, 2716.2849108824475]","[446869.53225884086, 447502.0129684675, 420097.41162690753, 2716.2849108824475]","[436694.60121827695, 435634.9339972375, 420097.41162690753, 2716.2849108824475]","[445140.5433610036, 444594.22682595224, 420097.41162690753, 2716.2849108824475]","[445109.1989641645, 442844.1893673956, 420097.41162690753, 2716.2849108824475]","[447696.00608804997, 447468.2868646973, 420097.41162690753, 2716.2849108824475]","[436685.92232812714, 436392.4302388274, 420097.41162690753, 2716.2849108824475]","[448475.839303886, 447347.5458379499, 420097.41162690753, 2716.2849108824475]","[443949.4336019739, 441548.0366937605, 420097.41162690753, 2716.2849108824475]","[478578.26952703757, 475564.5709895149, 420097.41162690753, 2716.2849108824475]","[453592.4937040525, 453366.8250739655, 420097.41162690753, 2716.2849108824475]","[455260.1903254274, 454963.53029796697, 420097.41162690753, 2716.2849108824475]","[440633.0052418083, 439070.5825849785, 420097.41162690753, 2716.2849108824475]","[438830.7097392372, 437820.6715628597, 420097.41162690753, 2716.2849108824475]","[440523.50275121245, 441056.1687111738, 420097.41162690753, 2716.2849108824475]","[446480.5033317768, 448316.6789800632, 420097.41162690753, 2716.2849108824475]","[432160.82069650094, 431740.7711127901, 420097.41162690753, 2716.2849108824475]","[437971.07091273385, 438408.52207988076, 420097.41162690753, 2716.2849108824475]","[456447.11530062393, 455788.5344148029, 420097.41162690753, 2716.2849108824475]","[449707.27317692566, 448515.5567773071, 420097.41162690753, 2716.2849108824475]","[440454.9767111748, 440577.3679586384, 420097.41162690753, 2716.2849108824475]","[466302.18366416707, 466319.4557853456, 420097.41162690753, 2716.2849108824475]"
"[434741.1834730633, 437172.97345916607, 421652.378958365, 2706.1963026882977]","[435138.14474742376, 435785.9187926739, 421652.378958365, 2706.1963026882977]","[443583.42115376506, 442508.3760355163, 421652.378958365, 2706.1963026882977]","[447195.9896979078, 450133.7788309444, 421652.378958365, 2706.1963026882977]","[445798.1867169192, 449439.7365468266, 421652.378958365, 2706.1963026882977]","[438199.17674373504, 441112.00745216024, 421652.378958365, 2706.1963026882977]","[489162.7553782698, 485825.3980013745, 421652.378958365, 2706.1963026882977]","[439352.9482961133, 440877.0146540343, 421652.378958365, 2706.1963026882977]","[444401.8318793365, 445000.6144052445, 421652.378958365, 2706.1963026882977]","[450358.43237805524, 453611.4038116215, 421652.378958365, 2706.1963026882977]","[462076.8276313254, 460061.7037479715, 421652.378958365, 2706.1963026882977]","[437894.53579081263, 439844.83594270877, 421652.378958365, 2706.1963026882977]","[441254.2248704078, 444725.95700517774, 421652.378958365, 2706.1963026882977]","[453132.15170111344, 450268.7409584368, 421652.378958365, 2706.1963026882977]","[437737.21477547166, 438774.0978309608, 421652.378958365, 2706.1963026882977]","[443341.7238096357, 443304.2116308189, 421652.378958365, 2706.1963026882977]","[454488.8862130008, 463704.7820049272, 421652.378958365, 2706.1963026882977]","[464230.09505411284, 464668.88528769574, 421652.378958365, 2706.1963026882977]","[440209.7814268851, 445077.2349288634, 421652.378958365, 2706.1963026882977]","[460078.07329776423, 462450.2145961904, 421652.378958365, 2706.1963026882977]","[436953.90147445834, 439618.1146940432, 421652.378958365, 2706.1963026882977]","[448938.53818857356, 448088.88482040993, 421652.378958365, 2706.1963026882977]","[456154.72757845756, 452839.9492216486, 421652.378958365, 2706.1963026882977]","[443964.10979989334, 444102.9263063407, 421652.378958365, 2706.1963026882977]","[449694.1450014368, 450743.3199873686, 421652.378958365, 2706.1963026882977]","[445483.71132922755, 441161.153529897, 421652.378958365, 2706.1963026882977]","[439120.37801744865, 441594.55370130815, 421652.378958365, 2706.1963026882977]","[477233.7933943704, 479873.2033308492, 421652.378958365, 2706.1963026882977]","[456954.59890542616, 456309.4772940765, 421652.378958365, 2706.1963026882977]","[438126.4672862893, 442570.65892715275, 421652.378958365, 2706.1963026882977]","[480859.4485218631, 474952.15506906906, 421652.378958365, 2706.1963026882977]","[426808.2710851638, 430938.7375685696, 421652.378958365, 2706.1963026882977]","[441673.92972868483, 442520.18502354546, 421652.378958365, 2706.1963026882977]","[451523.58214083983, 447502.6665103386, 421652.378958365, 2706.1963026882977]","[450619.4108120065, 447529.5630635517, 421652.378958365, 2706.1963026882977]","[465947.7219985309, 465853.6636292719, 421652.378958365, 2706.1963026882977]","[432058.03191124555, 435231.59365099604, 421652.378958365, 2706.1963026882977]","[442637.08503118856, 443687.64033741225, 421652.378958365, 2706.1963026882977]","[436287.2665350322, 437722.86617126316, 421652.378958365, 2706.1963026882977]","[437526.6569102929, 442580.6585657194, 421652.378958365, 2706.1963026882977]","[461262.2564193365, 460698.1445481978, 421652.378958365, 2706.1963026882977]","[496600.8738596276, 495194.1786150383, 421652.378958365, 2706.1963026882977]","[437674.953903656, 437183.97923071677, 421652.378958365, 2706.1963026882977]","[452582.3142997272, 454161.6511843553, 421652.378958365, 2706.1963026882977]","[479398.19022870745, 481825.6055359997, 421652.378958365, 2706.1963026882977]","[434342.5944707778, 434444.19542914355, 421652.378958365, 2706.1963026882977]","[434118.4297323084, 436963.492628714, 421652.378958365, 2706.1963026882977]","[435279.05336616474, 437637.57435184985, 421652.378958365, 2706.1963026882977]","[435434.1607920407, 436302.5959150801, 421652.378958365, 2706.1963026882977]","[442764.61058897525, 448027.12246989715, 421652.378958365, 2706.1963026882977]"
"[421658.4057596441, 421287.25119654107, 405901.480495393, 2621.3748320937757]","[471263.6229144589, 471889.67726825253, 405901.480495393, 2621.3748320937757]","[429217.59428998694, 429101.2902326432, 405901.480495393, 2621.3748320937757]","[423030.306051502, 423059.4343457942, 405901.480495393, 2621.3748320937757]","[415463.31847284135, 416490.3263458458, 405901.480495393, 2621.3748320937757]","[437315.846595921, 440160.06346567604, 405901.480495393, 2621.3748320937757]","[438168.81032802875, 429448.67522920156, 405901.480495393, 2621.3748320937757]","[433450.1504985368, 435453.0022122852, 405901.480495393, 2621.3748320937757]","[427928.0425994637, 427957.59916111303, 405901.480495393, 2621.3748320937757]","[432350.920373444, 434367.9786241254, 405901.480495393, 2621.3748320937757]","[462932.3327275391, 462133.88276607485, 405901.480495393, 2621.3748320937757]","[424314.8484521872, 425582.80989895563, 405901.480495393, 2621.3748320937757]","[477919.4586597946, 476724.69430134166, 405901.480495393, 2621.3748320937757]","[415103.48753127496, 415467.4855552717, 405901.480495393, 2621.3748320937757]","[419049.73168669594, 419486.7659437642, 405901.480495393, 2621.3748320937757]","[424647.81143267313, 424212.63740901934, 405901.480495393, 2621.3748320937757]","[457069.34944090305, 452980.736574192, 405901.480495393, 2621.3748320937757]","[420603.00758408866, 420861.4466055779, 405901.480495393, 2621.3748320937757]","[427692.91247167723, 426906.9292298663, 405901.480495393, 2621.3748320937757]","[432259.38147683797, 434252.70661487716, 405901.480495393, 2621.3748320937757]","[461457.57857585454, 452227.4444547451, 405901.480495393, 2621.3748320937757]","[433446.2487882464, 435354.31815819006, 405901.480495393, 2621.3748320937757]","[425524.3445908342, 424064.6930510916, 405901.480495393, 2621.3748320937757]","[454418.22369897034, 452742.5644461718, 405901.480495393, 2621.3748320937757]","[434440.8836145669, 436426.97918283567, 405901.480495393, 2621.3748320937757]","[424608.66165157023, 424404.35159131786, 405901.480495393, 2621.3748320937757]","[420849.3409164402, 420865.71356165427, 405901.480495393, 2621.3748320937757]","[418894.4473007054, 420187.1994815052, 405901.480495393, 2621.3748320937757]","[434294.4724422814, 435624.32445710944, 405901.480495393, 2621.3748320937757]","[432366.85510943073, 431930.7171137699, 405901.480495393, 2621.3748320937757]","[420721.7578918915, 421291.34590456425, 405901.480495393, 2621.3748320937757]","[424557.1114876471, 425597.4053748933, 405901.480495393, 2621.3748320937757]","[437996.6495978639, 437761.4732541994, 405901.480495393, 2621.3748320937757]","[450758.0349381529, 449691.4386092141, 405901.480495393, 2621.3748320937757]","[417964.84738589753, 419493.12243509886, 405901.480495393, 2621.3748320937757]","[429000.6767662648, 428760.80922946415, 405901.480495393, 2621.3748320937757]","[449852.9613278413, 449321.43900514377, 405901.480495393, 2621.3748320937757]","[423880.96107248054, 425543.1708301969, 405901.480495393, 2621.3748320937757]","[425598.267480898, 424720.32251307747, 405901.480495393, 2621.3748320937757]","[435275.99436760077, 435412.34842496837, 405901.480495393, 2621.3748320937757]","[431184.33054372086, 431257.9135207999, 405901.480495393, 2621.3748320937757]","[417890.8220410502, 417839.1949144727, 405901.480495393, 2621.3748320937757]","[427203.78538878233, 427029.8448748823, 405901.480495393, 2621.3748320937757]","[413877.67906294594, 413917.38759793, 405901.480495393, 2621.3748320937757]","[418693.7113448801, 419573.2120874722, 405901.480495393, 2621.3748320937757]","[438242.8027293838, 438497.8810108475, 405901.480495393, 2621.3748320937757]","[425115.88294921117, 425686.4341877906, 405901.480495393, 2621.3748320937757]","[421188.35464503086, 421667.1569859264, 405901.480495393, 2621.3748320937757]","[431082.70183542697, 432714.68579426664, 405901.480495393, 2621.3748320937757]","[419897.873396708, 420919.34671088815, 405901.480495393, 2621.3748320937757]"
"[466975.2875682914, 467451.98093739315, 437817.6543112777, 2769.238905883033]","[460207.5542293412, 459785.08633118536, 437817.6543112777, 2769.238905883033]","[471657.1122071628, 472192.5687490048, 437817.6543112777, 2769.238905883033]","[452183.95044540765, 451572.2896484051, 437817.6543112777, 2769.238905883033]","[453441.0149178146, 452628.016286291, 437817.6543112777, 2769.238905883033]","[467111.7075712216, 467838.4429052999, 437817.6543112777, 2769.238905883033]","[452521.1359608241, 451060.4465897966, 437817.6543112777, 2769.238905883033]","[471393.2392185807, 474458.17879730643, 437817.6543112777, 2769.238905883033]","[450014.4285133099, 451461.69703687995, 437817.6543112777, 2769.238905883033]","[458573.50671753305, 459465.3376719862, 437817.6543112777, 2769.238905883033]","[460800.15356412344, 459230.282197731, 437817.6543112777, 2769.238905883033]","[467646.3839161841, 467510.0120018024, 437817.6543112777, 2769.238905883033]","[464498.4933387919, 469594.89683476, 437817.6543112777, 2769.238905883033]","[463358.15668218007, 465407.55249084474, 437817.6543112777, 2769.238905883033]","[446552.0805976152, 446809.6283270843, 437817.6543112777, 2769.238905883033]","[459710.33324266167, 460956.6379679552, 437817.6543112777, 2769.238905883033]","[465595.70121460257, 463864.5495807302, 437817.6543112777, 2769.238905883033]","[481620.64620083966, 481419.26659688976, 437817.6543112777, 2769.238905883033]","[488592.7988375017, 481197.18600477243, 437817.6543112777, 2769.238905883033]","[460752.07519410184, 460187.89051031636, 437817.6543112777, 2769.238905883033]","[467078.45622344624, 465565.76200570725, 437817.6543112777, 2769.238905883033]","[454021.85099087236, 455994.61134867155, 437817.6543112777, 2769.238905883033]","[458723.12104418833, 459939.653720844, 437817.6543112777, 2769.238905883033]","[451412.8983815939, 453361.0281285794, 437817.6543112777, 2769.238905883033]","[458136.9659755823, 456507.852132198, 437817.6543112777, 2769.238905883033]","[458171.1553957536, 457333.9669307575, 437817.6543112777, 2769.238905883033]","[453087.0168794616, 455200.568104354, 437817.6543112777, 2769.238905883033]","[488920.28935518593, 489186.317640578, 437817.6543112777, 2769.238905883033]","[498693.44489627855, 500283.3251495053, 437817.6543112777, 2769.238905883033]","[453449.39210970356, 454719.57507503545, 437817.6543112777, 2769.238905883033]","[453340.61508695525, 454643.8269825511, 437817.6543112777, 2769.238905883033]","[446762.8989715962, 447672.5045785941, 437817.6543112777, 2769.238905883033]","[459054.15107157215, 458966.15221966547, 437817.6543112777, 2769.238905883033]","[478572.0594222465, 476461.1476248108, 437817.6543112777, 2769.238905883033]","[459443.33901123935, 459146.83131915465, 437817.6543112777, 2769.238905883033]","[471705.07289079943, 471807.22258502984, 437817.6543112777, 2769.238905883033]","[460202.25188625464, 459867.49962648435, 437817.6543112777, 2769.238905883033]","[469746.30040808005, 468261.98075108445, 437817.6543112777, 2769.238905883033]","[494098.57542596245, 490823.13735504454, 437817.6543112777, 2769.238905883033]","[457264.10359927494, 458697.07667363755, 437817.6543112777, 2769.238905883033]","[453059.9404109366, 452785.61875666823, 437817.6543112777, 2769.238905883033]","[496947.0512038464, 497487.40644459974, 437817.6543112777, 2769.238905883033]","[476024.24032855436, 479539.9781660921, 437817.6543112777, 2769.238905883033]","[453010.0145704344, 453711.3488498377, 437817.6543112777, 2769.238905883033]","[459829.8162798327, 460074.09142107953, 437817.6543112777, 2769.238905883033]","[476121.4492871586, 479219.30758358433, 437817.6543112777, 2769.238905883033]","[446887.7453901973, 447775.38976649044, 437817.6543112777, 2769.238905883033]","[494119.3891034518, 492151.2843758309, 437817.6543112777, 2769.238905883033]","[454028.89656955446, 455415.34934546624, 437817.6543112777, 2769.238905883033]","[461640.7962669052, 462192.47511463513, 437817.6543112777, 2769.238905883033]"
"[450858.89060516225, 449530.75391363684, 413330.66969509784, 2715.8878526254357]","[436229.70185724995, 438672.45082327764, 413330.66969509784, 2715.8878526254357]","[431748.28736239695, 433749.112317227, 413330.66969509784, 2715.8878526254357]","[430462.80495796335, 432995.4330164072, 413330.66969509784, 2715.8878526254357]","[437460.68818383705, 439401.053494603, 413330.66969509784, 2715.8878526254357]","[430028.45229023776, 430404.32203049434, 413330.66969509784, 2715.8878526254357]","[430541.71207923733, 430430.34876624995, 413330.66969509784, 2715.8878526254357]","[431997.56213981286, 431659.42026845703, 413330.66969509784, 2715.8878526254357]","[425345.7079891642, 426516.84992386115, 413330.66969509784, 2715.8878526254357]","[433695.88314904296, 434156.20722193236, 413330.66969509784, 2715.8878526254357]","[427326.80372548185, 429077.3507998812, 413330.66969509784, 2715.8878526254357]","[475664.65802955546, 475683.70637137, 413330.66969509784, 2715.8878526254357]","[427746.89305005333, 430528.62463808426, 413330.66969509784, 2715.8878526254357]","[456552.23351525783, 458058.96246293135, 413330.66969509784, 2715.8878526254357]","[444020.34797172627, 442724.14855803293, 413330.66969509784, 2715.8878526254357]","[433593.34626477637, 435297.00958434993, 413330.66969509784, 2715.8878526254357]","[425059.70372494205, 428162.67544331815, 413330.66969509784, 2715.8878526254357]","[424968.73989580665, 427935.0982978531, 413330.66969509784, 2715.8878526254357]","[432074.95487020566, 431573.6816567856, 413330.66969509784, 2715.8878526254357]","[467070.5033239535, 465931.6554767401, 413330.66969509784, 2715.8878526254357]","[431300.8724980057, 434121.55164490006, 413330.66969509784, 2715.8878526254357]","[437290.09425675473, 440375.3034044329, 413330.66969509784, 2715.8878526254357]","[471429.95829343784, 466301.17159710155, 413330.66969509784, 2715.8878526254357]","[423124.93780020473, 425043.86923629895, 413330.66969509784, 2715.8878526254357]","[478731.989010103, 477780.4206311829, 413330.66969509784, 2715.8878526254357]","[451357.4640581582, 453014.99151357403, 413330.66969509784, 2715.8878526254357]","[425688.36309101316, 425989.7226711486, 413330.66969509784, 2715.8878526254357]","[439602.4170125551, 443817.25149644114, 413330.66969509784, 2715.8878526254357]","[446072.52884317096, 446312.9622603939, 413330.66969509784, 2715.8878526254357]","[426021.6396341152, 429737.8249701722, 413330.66969509784, 2715.8878526254357]","[431471.7735428642, 433124.4953960876, 413330.66969509784, 2715.8878526254357]","[436678.60297767166, 439003.7037804695, 413330.66969509784, 2715.8878526254357]","[428703.12209481513, 429432.41199814813, 413330.66969509784, 2715.8878526254357]","[423540.49874409253, 425268.99495200545, 413330.66969509784, 2715.8878526254357]","[433596.99050056085, 434256.9379377372, 413330.66969509784, 2715.8878526254357]","[431674.1243554629, 432489.03080583876, 413330.66969509784, 2715.8878526254357]","[457148.5963412552, 455967.4764671954, 413330.66969509784, 2715.8878526254357]","[445262.47258790064, 445627.2724743471, 413330.66969509784, 2715.8878526254357]","[455172.6199237604, 450922.9663806383, 413330.66969509784, 2715.8878526254357]","[428636.27549991116, 428747.9134203605, 413330.66969509784, 2715.8878526254357]","[483455.95264158904, 480441.14657362347, 413330.66969509784, 2715.8878526254357]","[451007.48210328334, 450845.4724439008, 413330.66969509784, 2715.8878526254357]","[431751.9529467895, 431974.2749395479, 413330.66969509784, 2715.8878526254357]","[428561.97308076615, 429419.973041354, 413330.66969509784, 2715.8878526254357]","[442846.0506358529, 444811.16319598426, 413330.66969509784, 2715.8878526254357]","[426502.1296076363, 428664.5758277206, 413330.66969509784, 2715.8878526254357]","[427077.9760678613, 428177.4621047249, 413330.66969509784, 2715.8878526254357]","[426109.9224953376, 427248.2616844582, 413330.66969509784, 2715.8878526254357]","[451087.96333629044, 453310.73106955946, 413330.66969509784, 2715.8878526254357]","[438320.66884027916, 439092.73127187055, 413330.66969509784, 2715.8878526254357]"
"[457318.50774419005, 457525.922239717, 445068.719364941, 2816.5810467211472]","[476479.4644922417, 479957.8588777112, 445068.719364941, 2816.5810467211472]","[471620.73309584893, 471331.65092624375, 445068.719364941, 2816.5810467211472]","[487345.16337545484, 487533.06442838337, 445068.719364941, 2816.5810467211472]","[480256.90354966867, 479446.19697577175, 445068.719364941, 2816.5810467211472]","[513368.48311013565, 513454.4739380177, 445068.719364941, 2816.5810467211472]","[488999.4748482919, 488766.59475700156, 445068.719364941, 2816.5810467211472]","[463716.7580261768, 462113.0023031646, 445068.719364941, 2816.5810467211472]","[492195.5019321403, 491933.1417078872, 445068.719364941, 2816.5810467211472]","[463206.5021399726, 466021.63449445774, 445068.719364941, 2816.5810467211472]","[470977.3592635915, 469075.5958563286, 445068.719364941, 2816.5810467211472]","[460437.75955843995, 460776.8871855978, 445068.719364941, 2816.5810467211472]","[464491.11416734394, 465057.7735257612, 445068.719364941, 2816.5810467211472]","[458721.7623257766, 459596.89159477415, 445068.719364941, 2816.5810467211472]","[493283.0498559255, 489482.59525353403, 445068.719364941, 2816.5810467211472]","[484872.87990195974, 486118.92737748404, 445068.719364941, 2816.5810467211472]","[459239.14655895415, 459602.4598522384, 445068.719364941, 2816.5810467211472]","[477630.4270584446, 479277.9893234587, 445068.719364941, 2816.5810467211472]","[463863.9132696386, 463921.03871023015, 445068.719364941, 2816.5810467211472]","[466561.1199878541, 466281.38041718915, 445068.719364941, 2816.5810467211472]","[460161.366588356, 457566.38146031025, 445068.719364941, 2816.5810467211472]","[492077.57031768153, 490935.56185755547, 445068.719364941, 2816.5810467211472]","[475188.96836214524, 479587.42610293254, 445068.719364941, 2816.5810467211472]","[462258.3410756594, 461968.0285802296, 445068.719364941, 2816.5810467211472]","[472676.0366261058, 473728.8346440443, 445068.719364941, 2816.5810467211472]","[463559.1121294502, 464969.1600063366, 445068.719364941, 2816.5810467211472]","[457239.7472718368, 457743.2396419425, 445068.719364941, 2816.5810467211472]","[478654.12580369855, 476773.8577764355, 445068.719364941, 2816.5810467211472]","[470041.6390525233, 469901.09097840916, 445068.719364941, 2816.5810467211472]","[462637.35069210996, 460827.1980441794, 445068.719364941, 2816.5810467211472]","[465277.6138965854, 465217.1978248396, 445068.719364941, 2816.5810467211472]","[482036.6491836556, 485605.2707613227, 445068.719364941, 2816.5810467211472]","[458697.28602660337, 457850.3578045768, 445068.719364941, 2816.5810467211472]","[516650.83397515106, 518559.0875962297, 445068.719364941, 2816.5810467211472]","[483681.8475019192, 483384.5101820233, 445068.719364941, 2816.5810467211472]","[498274.4506147722, 497781.1299299286, 445068.719364941, 2816.5810467211472]","[470053.5347630243, 470075.79594242753, 445068.719364941, 2816.5810467211472]","[459216.24154261, 459056.8366049364, 445068.719364941, 2816.5810467211472]","[526826.5820467826, 526643.3668873549, 445068.719364941, 2816.5810467211472]","[515589.68644605414, 512690.1362589482, 445068.719364941, 2816.5810467211472]","[463417.00123661396, 464645.68914015713, 445068.719364941, 2816.5810467211472]","[460157.89561918256, 460094.7572313983, 445068.719364941, 2816.5810467211472]","[475073.37618114933, 477389.9631789436, 445068.719364941, 2816.5810467211472]","[463976.8858764841, 465158.1911383434, 445068.719364941, 2816.5810467211472]","[486998.64597404737, 490954.466776246, 445068.719364941, 2816.5810467211472]","[470196.313696794, 469816.3002797247, 445068.719364941, 2816.5810467211472]","[466706.30819351785, 465852.24789138115, 445068.719364941, 2816.5810467211472]","[458985.22006165865, 458650.192657631, 445068.719364941, 2816.5810467211472]","[483253.8489456033, 480659.4433050494, 445068.719364941, 2816.5810467211472]","[467261.2556047609, 466562.2226209422, 445068.719364941, 2816.5810467211472]"
"[460906.6019833244, 462065.27665684646, 436726.314794611, 2810.120006845379]","[453492.2928398838, 455854.54884494, 436726.314794611, 2810.120006845379]","[448201.9769439154, 446686.5939516804, 436726.314794611, 2810.120006845379]","[456372.31792719645, 458628.2430898112, 436726.314794611, 2810.120006845379]","[467224.0079810661, 469230.81831925997, 436726.314794611, 2810.120006845379]","[457672.8981004911, 458366.2858465883, 436726.314794611, 2810.120006845379]","[458233.31458170095, 456872.82204465155, 436726.314794611, 2810.120006845379]","[453452.376934708, 454479.8613193317, 436726.314794611, 2810.120006845379]","[468474.0965017378, 469899.0694188878, 436726.314794611, 2810.120006845379]","[462030.29662278394, 462346.0096992114, 436726.314794611, 2810.120006845379]","[448985.0502115709, 448832.3678873587, 436726.314794611, 2810.120006845379]","[490629.2538672041, 492088.26540718373, 436726.314794611, 2810.120006845379]","[465132.2037049534, 462715.6429576751, 436726.314794611, 2810.120006845379]","[454414.41995701933, 455107.3380814618, 436726.314794611, 2810.120006845379]","[449266.6393319686, 448854.4490006572, 436726.314794611, 2810.120006845379]","[447837.8740655724, 446790.0120781307, 436726.314794611, 2810.120006845379]","[462427.7024982339, 465008.2606813671, 436726.314794611, 2810.120006845379]","[462617.9817126195, 464419.74344464415, 436726.314794611, 2810.120006845379]","[460827.5361265393, 462251.2187860571, 436726.314794611, 2810.120006845379]","[472062.4716921466, 472167.07303942356, 436726.314794611, 2810.120006845379]","[535174.6528552177, 536690.3202469831, 436726.314794611, 2810.120006845379]","[494846.72321722924, 493345.4624494064, 436726.314794611, 2810.120006845379]","[450475.3892574664, 452278.6533381756, 436726.314794611, 2810.120006845379]","[501228.8236796372, 499770.66075367964, 436726.314794611, 2810.120006845379]","[466577.35582784045, 464831.61236981157, 436726.314794611, 2810.120006845379]","[452594.6381986417, 451848.1779264819, 436726.314794611, 2810.120006845379]","[479126.1206865093, 478091.93254855915, 436726.314794611, 2810.120006845379]","[456383.02872315125, 456744.9742088001, 436726.314794611, 2810.120006845379]","[449461.5573370644, 450829.4309289257, 436726.314794611, 2810.120006845379]","[459982.37057171855, 461456.10288031766, 436726.314794611, 2810.120006845379]","[451383.0623943681, 450847.4153007629, 436726.314794611, 2810.120006845379]","[477909.4804711707, 479524.46581110655, 436726.314794611, 2810.120006845379]","[493076.94636722934, 490853.8416657024, 436726.314794611, 2810.120006845379]","[482506.55493557, 481890.42439850466, 436726.314794611, 2810.120006845379]","[457502.6781248008, 458253.16873028415, 436726.314794611, 2810.120006845379]","[449272.87060782977, 451697.0783358287, 436726.314794611, 2810.120006845379]","[462949.12967442535, 461031.45654313156, 436726.314794611, 2810.120006845379]","[463412.1388968265, 460245.68720263237, 436726.314794611, 2810.120006845379]","[452572.0152990095, 452368.85269340256, 436726.314794611, 2810.120006845379]","[454256.5341658649, 453793.6778865698, 436726.314794611, 2810.120006845379]","[469627.4452490274, 470764.9915602381, 436726.314794611, 2810.120006845379]","[450760.8918094543, 452880.1043679501, 436726.314794611, 2810.120006845379]","[454318.11019102077, 456446.3144825785, 436726.314794611, 2810.120006845379]","[460508.1412178625, 459064.7806112698, 436726.314794611, 2810.120006845379]","[462151.52081950224, 464860.3071590451, 436726.314794611, 2810.120006845379]","[466016.1147777093, 457792.59590450267, 436726.314794611, 2810.120006845379]","[486418.43825399695, 481621.96227293514, 436726.314794611, 2810.120006845379]","[457971.292690756, 459007.8689706661, 436726.314794611, 2810.120006845379]","[469645.2271807497, 470563.1827223095, 436726.314794611, 2810.120006845379]","[481728.2833785548, 477032.1203573545, 436726.314794611, 2810.120006845379]"
"[437378.951121751, 438768.1663321052, 417609.0313590186, 2636.9033264181735]","[438193.1440823036, 439546.9957904457, 417609.0313590186, 2636.9033264181735]","[432139.02277710673, 434639.2069702504, 417609.0313590186, 2636.9033264181735]","[433090.64119586506, 434087.4095990716, 417609.0313590186, 2636.9033264181735]","[446631.59460754175, 444848.41207239364, 417609.0313590186, 2636.9033264181735]","[426267.5783341522, 428789.6025429688, 417609.0313590186, 2636.9033264181735]","[433939.62131356215, 435596.2555646746, 417609.0313590186, 2636.9033264181735]","[444909.73705369385, 445372.98276985594, 417609.0313590186, 2636.9033264181735]","[441634.49245577597, 440253.1524988321, 417609.0313590186, 2636.9033264181735]","[440783.13157346717, 440875.7733767373, 417609.0313590186, 2636.9033264181735]","[446804.3850795134, 447550.03057670785, 417609.0313590186, 2636.9033264181735]","[452270.71668052726, 451707.2368055111, 417609.0313590186, 2636.9033264181735]","[483561.80852941365, 483731.4225403541, 417609.0313590186, 2636.9033264181735]","[427080.93033316155, 429577.66356132296, 417609.0313590186, 2636.9033264181735]","[462644.01941611065, 461338.1085042356, 417609.0313590186, 2636.9033264181735]","[436085.51308956905, 437091.46747329, 417609.0313590186, 2636.9033264181735]","[439553.76788760297, 439251.2467364773, 417609.0313590186, 2636.9033264181735]","[434368.1443802996, 436066.28830622503, 417609.0313590186, 2636.9033264181735]","[481134.9682976842, 471244.6647231476, 417609.0313590186, 2636.9033264181735]","[439923.5470485501, 441762.04761736345, 417609.0313590186, 2636.9033264181735]","[445853.28596148244, 449233.98256249534, 417609.0313590186, 2636.9033264181735]","[472303.65213126957, 464810.2142618501, 417609.0313590186, 2636.9033264181735]","[442506.0905053336, 443990.44302760577, 417609.0313590186, 2636.9033264181735]","[472729.6610933505, 475142.72066452476, 417609.0313590186, 2636.9033264181735]","[436695.42853096477, 442452.02755865885, 417609.0313590186, 2636.9033264181735]","[454338.4259235628, 458433.41936858156, 417609.0313590186, 2636.9033264181735]","[439743.385579145, 438267.2371394218, 417609.0313590186, 2636.9033264181735]","[439388.36329676147, 440234.1114266423, 417609.0313590186, 2636.9033264181735]","[448871.01270068553, 449377.73196656373, 417609.0313590186, 2636.9033264181735]","[443692.7534622255, 444016.019088968, 417609.0313590186, 2636.9033264181735]","[449253.5216573217, 446974.10302606446, 417609.0313590186, 2636.9033264181735]","[438082.9137757841, 438588.42571500415, 417609.0313590186, 2636.9033264181735]","[465700.04608123336, 466841.4728781853, 417609.0313590186, 2636.9033264181735]","[490327.9439075406, 494138.4286514979, 417609.0313590186, 2636.9033264181735]","[432078.3711184484, 433992.57266190567, 417609.0313590186, 2636.9033264181735]","[433076.8622783361, 433984.4743872231, 417609.0313590186, 2636.9033264181735]","[441343.3228630514, 443742.31587581686, 417609.0313590186, 2636.9033264181735]","[464584.15352517087, 464285.69331793813, 417609.0313590186, 2636.9033264181735]","[472797.95476506697, 459070.0747880576, 417609.0313590186, 2636.9033264181735]","[446833.1990913697, 447705.79132456164, 417609.0313590186, 2636.9033264181735]","[430324.0955485848, 431432.69574385043, 417609.0313590186, 2636.9033264181735]","[434746.6202809506, 436465.7262547223, 417609.0313590186, 2636.9033264181735]","[432937.3556431847, 436893.2251420379, 417609.0313590186, 2636.9033264181735]","[449507.21995840594, 448244.6454164523, 417609.0313590186, 2636.9033264181735]","[433361.53750766645, 433898.49613099714, 417609.0313590186, 2636.9033264181735]","[433000.91626224754, 434643.1212479596, 417609.0313590186, 2636.9033264181735]","[438442.01173275284, 439664.8869117931, 417609.0313590186, 2636.9033264181735]","[441652.9790617772, 442424.85671084904, 417609.0313590186, 2636.9033264181735]","[463264.20128033205, 462732.3201377836, 417609.0313590186, 2636.9033264181735]","[449863.91989590303, 447947.56535954983, 417609.0313590186, 2636.9033264181735]"
"[417168.4937346766, 417785.39553839306, 397569.356184324, 2629.2944163633983]","[444475.71408220695, 447330.9690334658, 397569.356184324, 2629.2944163633983]","[411969.89012980385, 410799.9286117123, 397569.356184324, 2629.2944163633983]","[412845.4327680579, 412620.9888217572, 397569.356184324, 2629.2944163633983]","[407326.15641458106, 408166.66992841533, 397569.356184324, 2629.2944163633983]","[430800.2482492148, 431357.05385592295, 397569.356184324, 2629.2944163633983]","[414469.34797265596, 414445.1490488219, 397569.356184324, 2629.2944163633983]","[412586.90496572544, 411319.266914151, 397569.356184324, 2629.2944163633983]","[431018.1760787879, 429011.7624188242, 397569.356184324, 2629.2944163633983]","[445992.7234041106, 445412.5303280459, 397569.356184324, 2629.2944163633983]","[422231.3612275992, 421574.3946589405, 397569.356184324, 2629.2944163633983]","[423977.07355795475, 423590.15567920223, 397569.356184324, 2629.2944163633983]","[432154.63892145874, 433251.696240757, 397569.356184324, 2629.2944163633983]","[420114.3061662149, 419324.1563793655, 397569.356184324, 2629.2944163633983]","[428458.46159657405, 428040.15584993607, 397569.356184324, 2629.2944163633983]","[423457.14783295436, 421329.4370007914, 397569.356184324, 2629.2944163633983]","[413936.44018410175, 414039.35376824945, 397569.356184324, 2629.2944163633983]","[420529.16190696525, 421097.75987809483, 397569.356184324, 2629.2944163633983]","[425666.7137925418, 430732.3249029251, 397569.356184324, 2629.2944163633983]","[422385.6174683802, 424130.8045030743, 397569.356184324, 2629.2944163633983]","[418803.8165686366, 416809.4590232923, 397569.356184324, 2629.2944163633983]","[411271.7105285549, 411913.300803832, 397569.356184324, 2629.2944163633983]","[447626.7137380862, 443604.36467426823, 397569.356184324, 2629.2944163633983]","[406979.83481488057, 405195.9648402714, 397569.356184324, 2629.2944163633983]","[467340.51466839894, 468939.64481039695, 397569.356184324, 2629.2944163633983]","[443335.2937888162, 444466.65055681404, 397569.356184324, 2629.2944163633983]","[429103.4042231659, 427805.39440051466, 397569.356184324, 2629.2944163633983]","[414945.85938367137, 415873.7809149197, 397569.356184324, 2629.2944163633983]","[447421.9946303221, 448309.08287112997, 397569.356184324, 2629.2944163633983]","[431178.5066909702, 434069.90814685053, 397569.356184324, 2629.2944163633983]","[425404.74978383916, 427883.04123670876, 397569.356184324, 2629.2944163633983]","[429041.1896371165, 428487.7184504456, 397569.356184324, 2629.2944163633983]","[419501.18318209145, 419538.6550762544, 397569.356184324, 2629.2944163633983]","[408557.7047779158, 409774.67580676416, 397569.356184324, 2629.2944163633983]","[408343.8010109562, 408843.8127532667, 397569.356184324, 2629.2944163633983]","[418111.93438917666, 418491.5842102193, 397569.356184324, 2629.2944163633983]","[415098.96272309596, 414736.03117335116, 397569.356184324, 2629.2944163633983]","[407486.3282259707, 408139.52801981155, 397569.356184324, 2629.2944163633983]","[414169.5168663874, 413128.30901848787, 397569.356184324, 2629.2944163633983]","[425091.172209727, 423516.72585538804, 397569.356184324, 2629.2944163633983]","[415744.43693315104, 414948.0649665417, 397569.356184324, 2629.2944163633983]","[418452.6352687717, 425500.7321760273, 397569.356184324, 2629.2944163633983]","[431201.5405730444, 430622.1827239976, 397569.356184324, 2629.2944163633983]","[450217.83087469084, 451827.0033442231, 397569.356184324, 2629.2944163633983]","[439619.2413041265, 441455.18145773304, 397569.356184324, 2629.2944163633983]","[435886.9867965402, 435284.17959542264, 397569.356184324, 2629.2944163633983]","[427032.63640803454, 431214.19267314905, 397569.356184324, 2629.2944163633983]","[435721.92151071556, 436157.44315214176, 397569.356184324, 2629.2944163633983]","[468965.0892653248, 468322.1678909107, 397569.356184324, 2629.2944163633983]","[420724.2555827573, 417552.818178336, 397569.356184324, 2629.2944163633983]"
"[473206.53084124345, 474268.63716724823, 434440.48986310646, 2805.934787477596]","[470103.7496105224, 472650.99772159406, 434440.48986310646, 2805.934787477596]","[462247.21415748337, 463797.87965267675, 434440.48986310646, 2805.934787477596]","[446591.67822130094, 446799.35464757174, 434440.48986310646, 2805.934787477596]","[470395.74637071806, 473628.33261806815, 434440.48986310646, 2805.934787477596]","[446705.4562405129, 447698.5105837493, 434440.48986310646, 2805.934787477596]","[451020.13323329005, 457399.28089684853, 434440.48986310646, 2805.934787477596]","[458113.5969325086, 460161.2828755553, 434440.48986310646, 2805.934787477596]","[477842.3962917976, 477920.76941511227, 434440.48986310646, 2805.934787477596]","[514780.1235383078, 513863.6288205242, 434440.48986310646, 2805.934787477596]","[450241.3698366322, 452407.85607420595, 434440.48986310646, 2805.934787477596]","[447210.25064788695, 448159.10729338083, 434440.48986310646, 2805.934787477596]","[463665.85682113795, 465850.7398033927, 434440.48986310646, 2805.934787477596]","[454859.9284024604, 455963.9087818642, 434440.48986310646, 2805.934787477596]","[487199.36794219934, 483088.6960594415, 434440.48986310646, 2805.934787477596]","[472420.5567608207, 474292.9347627817, 434440.48986310646, 2805.934787477596]","[463526.97386675223, 461092.2414411231, 434440.48986310646, 2805.934787477596]","[470972.8329379313, 471245.43645532656, 434440.48986310646, 2805.934787477596]","[448292.7223824096, 453718.1659630318, 434440.48986310646, 2805.934787477596]","[486985.1101867607, 489278.1554471271, 434440.48986310646, 2805.934787477596]","[473556.97464533494, 476493.097008673, 434440.48986310646, 2805.934787477596]","[456161.6474968771, 455736.3719611206, 434440.48986310646, 2805.934787477596]","[461167.63749194844, 461492.52061686193, 434440.48986310646, 2805.934787477596]","[464670.2314088113, 467307.3631523042, 434440.48986310646, 2805.934787477596]","[456253.723991171, 457599.2898846809, 434440.48986310646, 2805.934787477596]","[460040.77486661, 461609.3909549507, 434440.48986310646, 2805.934787477596]","[453475.1817081735, 455194.8715705638, 434440.48986310646, 2805.934787477596]","[447906.7958937631, 451055.6959186186, 434440.48986310646, 2805.934787477596]","[471614.2962147265, 474977.70197561744, 434440.48986310646, 2805.934787477596]","[487960.1380499124, 488652.4277252552, 434440.48986310646, 2805.934787477596]","[445462.58465499536, 446220.3538484726, 434440.48986310646, 2805.934787477596]","[446137.8209783575, 453447.8083500704, 434440.48986310646, 2805.934787477596]","[474481.62796262576, 475240.7401049512, 434440.48986310646, 2805.934787477596]","[467321.74261717085, 470075.31253576314, 434440.48986310646, 2805.934787477596]","[459014.5776014536, 459786.3317453833, 434440.48986310646, 2805.934787477596]","[452914.24817604054, 456969.7112212635, 434440.48986310646, 2805.934787477596]","[458058.30279641395, 458808.0547029469, 434440.48986310646, 2805.934787477596]","[464491.41718095023, 466767.6904238387, 434440.48986310646, 2805.934787477596]","[450971.1876092905, 452888.7136140686, 434440.48986310646, 2805.934787477596]","[446478.57046401355, 451391.29222195246, 434440.48986310646, 2805.934787477596]","[450721.58455020294, 451010.5705901119, 434440.48986310646, 2805.934787477596]","[447972.4490704557, 451537.4885171954, 434440.48986310646, 2805.934787477596]","[474294.73617157264, 478206.18615204276, 434440.48986310646, 2805.934787477596]","[454018.651842265, 457560.49727640324, 434440.48986310646, 2805.934787477596]","[473065.37791711744, 474994.1170367585, 434440.48986310646, 2805.934787477596]","[452245.144718226, 453463.964233114, 434440.48986310646, 2805.934787477596]","[470064.09465266246, 477368.11030353163, 434440.48986310646, 2805.934787477596]","[460415.29146289325, 462017.61020575394, 434440.48986310646, 2805.934787477596]","[466396.1777780524, 468287.51143277256, 434440.48986310646, 2805.934787477596]","[449697.1380886906, 450028.18088474835, 434440.48986310646, 2805.934787477596]"
"[417096.28204259137, 416756.72332018754, 398210.15283393464, 2608.754812176072]","[408002.0592211306, 408425.0078729459, 398210.15283393464, 2608.754812176072]","[413327.21025908866, 413194.9459588542, 398210.15283393464, 2608.754812176072]","[411897.03173671867, 413329.439944326, 398210.15283393464, 2608.754812176072]","[422898.7086665015, 425855.85098748264, 398210.15283393464, 2608.754812176072]","[419582.26787794655, 422302.8126566891, 398210.15283393464, 2608.754812176072]","[415438.3453950904, 415795.92660499987, 398210.15283393464, 2608.754812176072]","[433009.50753972563, 432078.51605834544, 398210.15283393464, 2608.754812176072]","[472177.68884327525, 472620.04594257026, 398210.15283393464, 2608.754812176072]","[413332.56743303663, 414458.9171685033, 398210.15283393464, 2608.754812176072]","[445730.4101843187, 455343.6050678316, 398210.15283393464, 2608.754812176072]","[406801.7087101989, 408332.415538235, 398210.15283393464, 2608.754812176072]","[408933.8100898613, 410737.71411801904, 398210.15283393464, 2608.754812176072]","[446994.0158847988, 445043.1285911118, 398210.15283393464, 2608.754812176072]","[424840.1563257277, 423390.43349384994, 398210.15283393464, 2608.754812176072]","[426807.49323484534, 424450.8006399357, 398210.15283393464, 2608.754812176072]","[411145.2020968773, 413182.6817487334, 398210.15283393464, 2608.754812176072]","[450166.59514622384, 450299.5605153607, 398210.15283393464, 2608.754812176072]","[405631.47676608135, 406620.02555079106, 398210.15283393464, 2608.754812176072]","[431629.0310978833, 434557.3933304377, 398210.15283393464, 2608.754812176072]","[430094.7651114863, 430225.9716709979, 398210.15283393464, 2608.754812176072]","[436497.5773907989, 435308.8422379481, 398210.15283393464, 2608.754812176072]","[416031.96770177886, 417951.68398612086, 398210.15283393464, 2608.754812176072]","[414978.39895865053, 416869.171273358, 398210.15283393464, 2608.754812176072]","[408569.62384258775, 408729.6317415554, 398210.15283393464, 2608.754812176072]","[418401.0171065508, 420312.5429376999, 398210.15283393464, 2608.754812176072]","[421814.39330246404, 421327.1903196847, 398210.15283393464, 2608.754812176072]","[430582.88722860994, 431724.7784522176, 398210.15283393464, 2608.754812176072]","[412693.54610389285, 414966.56056798354, 398210.15283393464, 2608.754812176072]","[418179.9871720409, 420211.19309846376, 398210.15283393464, 2608.754812176072]","[432941.7107740774, 433710.00275986, 398210.15283393464, 2608.754812176072]","[422456.41644643474, 424388.1247581442, 398210.15283393464, 2608.754812176072]","[423961.6407984089, 425505.2211336794, 398210.15283393464, 2608.754812176072]","[413599.5509023355, 413528.75020098715, 398210.15283393464, 2608.754812176072]","[413412.40991614683, 413112.5077205537, 398210.15283393464, 2608.754812176072]","[411955.60722890164, 416332.23610366223, 398210.15283393464, 2608.754812176072]","[408882.5391591907, 409067.468400374, 398210.15283393464, 2608.754812176072]","[420823.30794499157, 424773.3020785583, 398210.15283393464, 2608.754812176072]","[451315.71069136384, 453315.0337463262, 398210.15283393464, 2608.754812176072]","[407632.12075542763, 407602.71569344867, 398210.15283393464, 2608.754812176072]","[422584.7452856312, 425010.2830662047, 398210.15283393464, 2608.754812176072]","[406539.1975753763, 407271.4487040882, 398210.15283393464, 2608.754812176072]","[440856.5866081966, 438163.93716611445, 398210.15283393464, 2608.754812176072]","[414292.8442975353, 418243.16004172474, 398210.15283393464, 2608.754812176072]","[439719.4262427543, 440624.94456646737, 398210.15283393464, 2608.754812176072]","[456807.34742058016, 455763.3835262726, 398210.15283393464, 2608.754812176072]","[411863.2474583748, 413370.5114908186, 398210.15283393464, 2608.754812176072]","[432169.49410205433, 433503.14795233245, 398210.15283393464, 2608.754812176072]","[440110.66512795136, 441008.3134371102, 398210.15283393464, 2608.754812176072]","[416797.60202522186, 418508.88866130624, 398210.15283393464, 2608.754812176072]"
"[463499.2899643487, 468619.4813716537, 427518.8898271631, 2794.638419103741]","[465717.6905447482, 477131.94995779404, 427518.8898271631, 2794.638419103741]","[443172.301772478, 441894.0837805553, 427518.8898271631, 2794.638419103741]","[465368.3825189159, 467193.7713603205, 427518.8898271631, 2794.638419103741]","[484111.7128640904, 475297.31200401747, 427518.8898271631, 2794.638419103741]","[447125.1200845402, 448135.3182690104, 427518.8898271631, 2794.638419103741]","[465714.69248875306, 465777.58664283494, 427518.8898271631, 2794.638419103741]","[443489.0035231299, 442786.5512021455, 427518.8898271631, 2794.638419103741]","[457610.2818243043, 458198.17308234866, 427518.8898271631, 2794.638419103741]","[475176.4971765116, 477151.37160604756, 427518.8898271631, 2794.638419103741]","[444073.9933192069, 444058.51907757844, 427518.8898271631, 2794.638419103741]","[437755.2588610283, 437426.4574646276, 427518.8898271631, 2794.638419103741]","[471589.500771034, 468261.22430070397, 427518.8898271631, 2794.638419103741]","[453335.014479994, 451370.78322698805, 427518.8898271631, 2794.638419103741]","[453083.03075838636, 462142.92146546673, 427518.8898271631, 2794.638419103741]","[444774.39893835195, 443493.13768990507, 427518.8898271631, 2794.638419103741]","[451785.9505084775, 449853.47799134103, 427518.8898271631, 2794.638419103741]","[446620.7224768302, 446894.0651656682, 427518.8898271631, 2794.638419103741]","[441746.96878434956, 441081.0260571847, 427518.8898271631, 2794.638419103741]","[448862.3224131747, 448586.4297799325, 427518.8898271631, 2794.638419103741]","[447747.4478193628, 447952.1299207376, 427518.8898271631, 2794.638419103741]","[446271.841663255, 446307.49526093726, 427518.8898271631, 2794.638419103741]","[451265.3068294503, 449152.1866124183, 427518.8898271631, 2794.638419103741]","[451701.0108273917, 450053.99740028713, 427518.8898271631, 2794.638419103741]","[479591.62043398875, 476542.4796915965, 427518.8898271631, 2794.638419103741]","[461071.53223275265, 461564.5166399054, 427518.8898271631, 2794.638419103741]","[458348.4236173286, 459838.0541855733, 427518.8898271631, 2794.638419103741]","[469182.69636797806, 473052.43595342746, 427518.8898271631, 2794.638419103741]","[462943.5924370037, 460974.408234453, 427518.8898271631, 2794.638419103741]","[437076.2810411254, 438343.8056321601, 427518.8898271631, 2794.638419103741]","[449636.68258474924, 448489.89801427495, 427518.8898271631, 2794.638419103741]","[464606.378233372, 462336.0520960486, 427518.8898271631, 2794.638419103741]","[444784.75038548955, 442736.0237028702, 427518.8898271631, 2794.638419103741]","[439536.05590952595, 440945.0133542154, 427518.8898271631, 2794.638419103741]","[477377.13198745175, 474522.59797557705, 427518.8898271631, 2794.638419103741]","[442019.706946015, 442978.0755525077, 427518.8898271631, 2794.638419103741]","[450716.7282630691, 444984.4117356948, 427518.8898271631, 2794.638419103741]","[462550.2866050509, 465909.07812564686, 427518.8898271631, 2794.638419103741]","[446520.7957265247, 446503.7519422719, 427518.8898271631, 2794.638419103741]","[468351.5923734841, 468567.0921318649, 427518.8898271631, 2794.638419103741]","[440942.56845393195, 439348.56837442855, 427518.8898271631, 2794.638419103741]","[465609.7336990437, 469732.89136665844, 427518.8898271631, 2794.638419103741]","[467158.11242176604, 465608.82338302024, 427518.8898271631, 2794.638419103741]","[476404.12700025534, 478881.75303485635, 427518.8898271631, 2794.638419103741]","[449776.5991931546, 451021.12930673116, 427518.8898271631, 2794.638419103741]","[440924.3357322937, 440948.04201289226, 427518.8898271631, 2794.638419103741]","[455116.5614982057, 450438.2641839222, 427518.8898271631, 2794.638419103741]","[448489.0549573752, 446915.83392386686, 427518.8898271631, 2794.638419103741]","[436540.98373266053, 437067.0455542166, 427518.8898271631, 2794.638419103741]","[448756.7742292039, 445996.0180629038, 427518.8898271631, 2794.638419103741]"
"[479722.26577641326, 483283.88154594484, 444755.78259776154, 2843.003390805739]","[462351.24012460257, 461871.6703897856, 444755.78259776154, 2843.003390805739]","[463593.59649339627, 464577.0385581298, 444755.78259776154, 2843.003390805739]","[481711.14412010676, 482206.6064432455, 444755.78259776154, 2843.003390805739]","[465083.96942114655, 465021.9728071351, 444755.78259776154, 2843.003390805739]","[458529.41832146863, 459894.50092547317, 444755.78259776154, 2843.003390805739]","[473293.2625133432, 476116.20488296164, 444755.78259776154, 2843.003390805739]","[483375.4873157039, 471231.5698530291, 444755.78259776154, 2843.003390805739]","[459416.1685300837, 459156.90805432276, 444755.78259776154, 2843.003390805739]","[466088.5259788723, 465547.23087657033, 444755.78259776154, 2843.003390805739]","[471522.7353228599, 471041.1173565381, 444755.78259776154, 2843.003390805739]","[513038.57196024345, 516429.6333437196, 444755.78259776154, 2843.003390805739]","[467546.17911015515, 466993.46226585703, 444755.78259776154, 2843.003390805739]","[473586.3951935858, 475728.35487480776, 444755.78259776154, 2843.003390805739]","[454139.93962276063, 455879.46883523517, 444755.78259776154, 2843.003390805739]","[458359.55083063355, 460031.5972661365, 444755.78259776154, 2843.003390805739]","[502088.3941328532, 501483.5929604934, 444755.78259776154, 2843.003390805739]","[456335.3475816239, 456627.82734316454, 444755.78259776154, 2843.003390805739]","[458871.79891796305, 461178.0656998922, 444755.78259776154, 2843.003390805739]","[494432.7374378011, 487728.57295230305, 444755.78259776154, 2843.003390805739]","[507559.7396388803, 506713.4276569111, 444755.78259776154, 2843.003390805739]","[462344.09310379485, 464681.7779558126, 444755.78259776154, 2843.003390805739]","[468957.2406035163, 470806.833841487, 444755.78259776154, 2843.003390805739]","[468242.19488428097, 472309.0779118803, 444755.78259776154, 2843.003390805739]","[468306.67242186895, 469170.4065538104, 444755.78259776154, 2843.003390805739]","[479012.6374352109, 479247.0010011084, 444755.78259776154, 2843.003390805739]","[459249.5897086676, 459236.3046536334, 444755.78259776154, 2843.003390805739]","[480084.35072336474, 477905.00887614227, 444755.78259776154, 2843.003390805739]","[468563.04627859866, 469556.11120726226, 444755.78259776154, 2843.003390805739]","[464384.00284705934, 464492.70019958605, 444755.78259776154, 2843.003390805739]","[469259.1924395495, 472478.70228365046, 444755.78259776154, 2843.003390805739]","[470632.46576712973, 471875.4244777895, 444755.78259776154, 2843.003390805739]","[477675.09114041185, 475443.0550710004, 444755.78259776154, 2843.003390805739]","[462691.76856885594, 463086.72591113567, 444755.78259776154, 2843.003390805739]","[461279.2892703431, 463019.6405000081, 444755.78259776154, 2843.003390805739]","[458897.6681084838, 459691.6483084228, 444755.78259776154, 2843.003390805739]","[453014.5866618395, 454680.3821484651, 444755.78259776154, 2843.003390805739]","[465588.26969376765, 462066.9722014007, 444755.78259776154, 2843.003390805739]","[473451.1675549646, 468469.24604203727, 444755.78259776154, 2843.003390805739]","[464802.3537068758, 468567.05893760774, 444755.78259776154, 2843.003390805739]","[457694.18885615614, 460005.35530251125, 444755.78259776154, 2843.003390805739]","[490730.43449558754, 493499.8502704666, 444755.78259776154, 2843.003390805739]","[460205.4286824909, 460910.59612067573, 444755.78259776154, 2843.003390805739]","[462864.07452805183, 464929.254166712, 444755.78259776154, 2843.003390805739]","[481054.5443031954, 482935.40564216883, 444755.78259776154, 2843.003390805739]","[459904.64427040395, 461567.00470264, 444755.78259776154, 2843.003390805739]","[478488.7480975762, 478278.1186322497, 444755.78259776154, 2843.003390805739]","[462637.28987054434, 462272.8213896409, 444755.78259776154, 2843.003390805739]","[491016.217263941, 492696.36318657483, 444755.78259776154, 2843.003390805739]","[459537.41728171165, 459056.59435031714, 444755.78259776154, 2843.003390805739]"
"[521925.2819911257, 523405.26564793143, 460424.83743799705, 2904.777576298435]","[497344.5649213875, 492377.3360956719, 460424.83743799705, 2904.777576298435]","[489688.83300442714, 493271.59764180775, 460424.83743799705, 2904.777576298435]","[507342.1396101494, 507238.94625669107, 460424.83743799705, 2904.777576298435]","[477593.2224800619, 480839.03171508765, 460424.83743799705, 2904.777576298435]","[523109.70501110883, 522179.1492984141, 460424.83743799705, 2904.777576298435]","[496489.4978175267, 501360.59435441333, 460424.83743799705, 2904.777576298435]","[476533.1983911553, 476759.6343927811, 460424.83743799705, 2904.777576298435]","[492352.3445997745, 492706.64672556537, 460424.83743799705, 2904.777576298435]","[488799.4849625695, 487627.00901801913, 460424.83743799705, 2904.777576298435]","[477358.18303142354, 477912.18339348206, 460424.83743799705, 2904.777576298435]","[474906.80047133326, 474932.67364742176, 460424.83743799705, 2904.777576298435]","[475938.9591440075, 476254.2713214038, 460424.83743799705, 2904.777576298435]","[470240.6459693029, 470340.7653361275, 460424.83743799705, 2904.777576298435]","[503756.70125429175, 504885.57759678864, 460424.83743799705, 2904.777576298435]","[484230.53076325863, 483680.0243301536, 460424.83743799705, 2904.777576298435]","[489891.9933751146, 491379.5933549284, 460424.83743799705, 2904.777576298435]","[497407.30941816146, 498125.1195878997, 460424.83743799705, 2904.777576298435]","[518569.80115905433, 517280.05384892307, 460424.83743799705, 2904.777576298435]","[499096.98429311806, 501842.77160253696, 460424.83743799705, 2904.777576298435]","[507827.4392753589, 506841.0015597927, 460424.83743799705, 2904.777576298435]","[494952.266295124, 497095.0115446268, 460424.83743799705, 2904.777576298435]","[488763.22419392806, 483093.34391115984, 460424.83743799705, 2904.777576298435]","[477287.4942187982, 479954.3832003025, 460424.83743799705, 2904.777576298435]","[479738.2645426889, 481155.13660981314, 460424.83743799705, 2904.777576298435]","[470192.1459322135, 470324.1299010237, 460424.83743799705, 2904.777576298435]","[477626.83374662383, 478052.4065692551, 460424.83743799705, 2904.777576298435]","[486327.11718003254, 493490.5480159598, 460424.83743799705, 2904.777576298435]","[487008.2272781234, 487377.6981436997, 460424.83743799705, 2904.777576298435]","[510121.9633268538, 510378.4657628409, 460424.83743799705, 2904.777576298435]","[483450.32675006724, 483410.6262618542, 460424.83743799705, 2904.777576298435]","[496133.1261713226, 500815.1276146697, 460424.83743799705, 2904.777576298435]","[511225.1933937348, 514270.78151182557, 460424.83743799705, 2904.777576298435]","[496512.49021925044, 501086.10655608284, 460424.83743799705, 2904.777576298435]","[478143.1473568082, 480509.18396163563, 460424.83743799705, 2904.777576298435]","[488383.12476384256, 489305.4958769396, 460424.83743799705, 2904.777576298435]","[476597.97153832077, 477858.182579966, 460424.83743799705, 2904.777576298435]","[479184.2522327454, 480563.04177598696, 460424.83743799705, 2904.777576298435]","[499702.6919043948, 496102.73519122263, 460424.83743799705, 2904.777576298435]","[477380.40158513846, 478660.3272351585, 460424.83743799705, 2904.777576298435]","[503273.8468855443, 500077.9827996124, 460424.83743799705, 2904.777576298435]","[500374.57323903206, 499280.4854454797, 460424.83743799705, 2904.777576298435]","[493276.61745776195, 494308.4237624529, 460424.83743799705, 2904.777576298435]","[507029.3240098513, 503599.08538834885, 460424.83743799705, 2904.777576298435]","[473363.61427973484, 474156.31927854323, 460424.83743799705, 2904.777576298435]","[494865.2234069643, 496019.6990066932, 460424.83743799705, 2904.777576298435]","[503586.54624082637, 505634.0399339542, 460424.83743799705, 2904.777576298435]","[476211.87433622166, 475710.5025637089, 460424.83743799705, 2904.777576298435]","[523176.5671079903, 523446.4032677984, 460424.83743799705, 2904.777576298435]","[516427.7236986525, 515178.8635468514, 460424.83743799705, 2904.777576298435]"
"[456075.5991487903, 454493.17010457075, 415173.1268889141, 2656.026667799722]","[442301.5866742896, 443964.8001616738, 415173.1268889141, 2656.026667799722]","[467854.30295310554, 466966.14679773804, 415173.1268889141, 2656.026667799722]","[435483.81394993124, 435120.2703867744, 415173.1268889141, 2656.026667799722]","[431984.7864207368, 431795.46471619303, 415173.1268889141, 2656.026667799722]","[460785.47316704213, 455791.59091995214, 415173.1268889141, 2656.026667799722]","[421945.4130206755, 422859.3068779237, 415173.1268889141, 2656.026667799722]","[458277.8145965869, 458399.4541595213, 415173.1268889141, 2656.026667799722]","[432652.2666213164, 439898.31791846285, 415173.1268889141, 2656.026667799722]","[430560.00911666837, 430659.7427529889, 415173.1268889141, 2656.026667799722]","[433853.7577433295, 434518.05970953975, 415173.1268889141, 2656.026667799722]","[452933.9605333299, 453814.51704021, 415173.1268889141, 2656.026667799722]","[427514.29946239764, 429052.3348378669, 415173.1268889141, 2656.026667799722]","[438005.15564841795, 439098.12188923627, 415173.1268889141, 2656.026667799722]","[440047.7431176446, 443446.0637548659, 415173.1268889141, 2656.026667799722]","[429237.3920778374, 426741.3105299832, 415173.1268889141, 2656.026667799722]","[445668.02951134363, 446102.3562886195, 415173.1268889141, 2656.026667799722]","[447363.9956797055, 447436.4666131171, 415173.1268889141, 2656.026667799722]","[451353.6018692076, 452577.914236362, 415173.1268889141, 2656.026667799722]","[429138.66776775714, 427563.23550763656, 415173.1268889141, 2656.026667799722]","[441379.63028603914, 440763.7847761195, 415173.1268889141, 2656.026667799722]","[442704.7339416161, 439540.3611623042, 415173.1268889141, 2656.026667799722]","[434294.1781761875, 434078.477366938, 415173.1268889141, 2656.026667799722]","[444426.3194154281, 443575.5725272275, 415173.1268889141, 2656.026667799722]","[433732.4094064168, 432340.7669051118, 415173.1268889141, 2656.026667799722]","[437815.06677342183, 439749.17260992486, 415173.1268889141, 2656.026667799722]","[427745.2535484736, 427821.4426653516, 415173.1268889141, 2656.026667799722]","[428673.6340882734, 427084.78173394466, 415173.1268889141, 2656.026667799722]","[452190.22294617805, 451489.8272262614, 415173.1268889141, 2656.026667799722]","[433326.0716919914, 437450.21371306275, 415173.1268889141, 2656.026667799722]","[430853.8293440836, 431568.5952764482, 415173.1268889141, 2656.026667799722]","[445260.6163979463, 445236.62801847607, 415173.1268889141, 2656.026667799722]","[427698.46617485536, 428500.4956405578, 415173.1268889141, 2656.026667799722]","[426135.3329014266, 426625.83645054634, 415173.1268889141, 2656.026667799722]","[440910.2436167518, 439606.80903582816, 415173.1268889141, 2656.026667799722]","[456972.79486227734, 461307.98974526656, 415173.1268889141, 2656.026667799722]","[429847.4972525406, 428527.75744690816, 415173.1268889141, 2656.026667799722]","[440832.9774522453, 442625.8530144861, 415173.1268889141, 2656.026667799722]","[437053.10687729885, 435621.9228673511, 415173.1268889141, 2656.026667799722]","[445621.63684141263, 446662.1378753158, 415173.1268889141, 2656.026667799722]","[434311.09451912163, 436698.89999247453, 415173.1268889141, 2656.026667799722]","[446046.4162251051, 443522.1105074669, 415173.1268889141, 2656.026667799722]","[434169.82745230146, 434848.385088556, 415173.1268889141, 2656.026667799722]","[448392.80978240573, 444601.56570171466, 415173.1268889141, 2656.026667799722]","[427980.5931737084, 426299.6224765795, 415173.1268889141, 2656.026667799722]","[444838.78663319396, 442534.6625831338, 415173.1268889141, 2656.026667799722]","[452369.3945079757, 453415.4560196831, 415173.1268889141, 2656.026667799722]","[427167.0404364175, 427611.89242006186, 415173.1268889141, 2656.026667799722]","[442523.78071594273, 444073.25770258904, 415173.1268889141, 2656.026667799722]","[431526.54427547776, 432580.8529170151, 415173.1268889141, 2656.026667799722]"
