0,1,2,3,4,5,6,7,8,9,10,11,12,13,14,15,16,17,18,19,20,21,22,23,24,25,26,27,28,29,30,31,32,33,34,35,36,37,38,39,40,41,42,43,44,45,46,47,48,49
"[867434.3970681176, 697272.3555802419, 579017.0662337698, 76918.66431489715]","[760256.542483636, 652181.7132261489, 579017.0662337698, 76918.66431489715]","[879031.6174650576, 697682.8168295089, 579017.0662337698, 76918.66431489715]","[923313.8847661298, 730858.860570419, 579017.0662337698, 76918.66431489715]","[851216.3577129898, 661925.6865483287, 579017.0662337698, 76918.66431489715]","[922717.172398614, 778930.7164682009, 579017.0662337698, 76918.66431489715]","[862675.6132011057, 667250.7066417636, 579017.0662337698, 76918.66431489715]","[847020.4693458983, 665272.5254974453, 579017.0662337698, 76918.66431489715]","[907676.5241076612, 672785.1958387665, 579017.0662337698, 76918.66431489715]","[750616.918967725, 641875.4689313796, 579017.0662337698, 76918.66431489715]","[851850.3565033249, 701279.2658652004, 579017.0662337698, 76918.66431489715]","[835610.0944844964, 664376.9685261325, 579017.0662337698, 76918.66431489715]","[777899.0449599469, 662953.1863821795, 579017.0662337698, 76918.66431489715]","[894592.6425557266, 687714.1190446549, 579017.0662337698, 76918.66431489715]","[751846.4475359631, 643897.6338711015, 579017.0662337698, 76918.66431489715]","[827876.0778819018, 676448.0222914667, 579017.0662337698, 76918.66431489715]","[833662.2290900042, 664189.829420263, 579017.0662337698, 76918.66431489715]","[890289.2960943673, 717040.4445543753, 579017.0662337698, 76918.66431489715]","[875036.2552028875, 698257.986335531, 579017.0662337698, 76918.66431489715]","[918551.8519754051, 720737.1491836404, 579017.0662337698, 76918.66431489715]","[792856.8180928305, 652258.5597000569, 579017.0662337698, 76918.66431489715]","[777093.7613552494, 662358.0433968577, 579017.0662337698, 76918.66431489715]","[885297.4821442238, 690751.448718276, 579017.0662337698, 76918.66431489715]","[744691.9011366785, 648442.4846109078, 579017.0662337698, 76918.66431489715]","[773432.3201952653, 649928.8084855456, 579017.0662337698, 76918.66431489715]","[977707.5089529048, 734870.2701996517, 579017.0662337698, 76918.66431489715]","[847758.1888238069, 683632.6863613435, 579017.0662337698, 76918.66431489715]","[820387.9640006323, 668487.2066318211, 579017.0662337698, 76918.66431489715]","[877301.5530422918, 704578.5146037468, 579017.0662337698, 76918.66431489715]","[832402.3406905332, 656107.6759597786, 579017.0662337698, 76918.66431489715]","[898808.8473792853, 741747.7022345284, 579017.0662337698, 76918.66431489715]","[927958.6041887935, 707820.4009560754, 579017.0662337698, 76918.66431489715]","[828854.0831574952, 694808.1298997743, 579017.0662337698, 76918.66431489715]","[873003.195529595, 695217.2050582848, 579017.0662337698, 76918.66431489715]","[913788.0205401954, 748850.2335718579, 579017.0662337698, 76918.66431489715]","[845183.2199187498, 684056.0540496937, 579017.0662337698, 76918.66431489715]","[824380.0943625522, 673616.7296676256, 579017.0662337698, 76918.66431489715]","[810577.3468140948, 670052.9267317381, 579017.0662337698, 76918.66431489715]","[913206.329293613, 766389.2073289233, 579017.0662337698, 76918.66431489715]","[818156.7713752328, 661975.2832180402, 579017.0662337698, 76918.66431489715]","[801936.0834804436, 654695.6370171045, 579017.0662337698, 76918.66431489715]","[785173.482900562, 637308.958921122, 579017.0662337698, 76918.66431489715]","[839418.3426626442, 708394.8504849095, 579017.0662337698, 76918.66431489715]","[786202.2995299867, 648415.1382758844, 579017.0662337698, 76918.66431489715]","[823029.6049646445, 672480.7256660635, 579017.0662337698, 76918.66431489715]","[835721.0348916102, 670155.6603206932, 579017.0662337698, 76918.66431489715]","[853353.3265897934, 665611.7806313452, 579017.0662337698, 76918.66431489715]","[798621.3265016776, 649273.3519279269, 579017.0662337698, 76918.66431489715]","[905002.1097846456, 680973.7271329091, 579017.0662337698, 76918.66431489715]","[846251.7844161389, 668979.5539175579, 579017.0662337698, 76918.66431489715]"
"[824053.3304926029, 658641.7028109897, 576498.7067355139, 73413.69053839872]","[870466.2443702746, 706053.1042016139, 576498.7067355139, 73413.69053839872]","[795704.4333751678, 657350.7421860186, 576498.7067355139, 73413.69053839872]","[809655.751375129, 661971.7015315322, 576498.7067355139, 73413.69053839872]","[764446.5014557143, 658424.4305318752, 576498.7067355139, 73413.69053839872]","[829146.270051034, 660087.8072914301, 576498.7067355139, 73413.69053839872]","[785877.2365920336, 658990.5020350678, 576498.7067355139, 73413.69053839872]","[789665.8319993576, 654931.5024360045, 576498.7067355139, 73413.69053839872]","[813774.5484267, 654992.4425398528, 576498.7067355139, 73413.69053839872]","[742488.6031075222, 651284.5708558072, 576498.7067355139, 73413.69053839872]","[789291.1036955256, 646979.8040056084, 576498.7067355139, 73413.69053839872]","[863376.2146028776, 723033.7802865184, 576498.7067355139, 73413.69053839872]","[844097.2893069515, 661824.0659479595, 576498.7067355139, 73413.69053839872]","[877682.0181175454, 665774.1761056948, 576498.7067355139, 73413.69053839872]","[814768.456902453, 668519.1861771438, 576498.7067355139, 73413.69053839872]","[859738.0815706206, 660982.3669662371, 576498.7067355139, 73413.69053839872]","[808497.8554854257, 664378.356566148, 576498.7067355139, 73413.69053839872]","[885782.4129157667, 688650.7270666625, 576498.7067355139, 73413.69053839872]","[902892.4528452569, 697938.8402259068, 576498.7067355139, 73413.69053839872]","[885045.2436280065, 695276.5541915946, 576498.7067355139, 73413.69053839872]","[826153.6830970005, 679050.7477527903, 576498.7067355139, 73413.69053839872]","[896493.1231279244, 652589.0691213447, 576498.7067355139, 73413.69053839872]","[897908.1834149185, 742272.4274955905, 576498.7067355139, 73413.69053839872]","[846808.3922853081, 682795.18664566, 576498.7067355139, 73413.69053839872]","[842765.3635023542, 668501.6077054339, 576498.7067355139, 73413.69053839872]","[814040.0874795993, 669551.2542653623, 576498.7067355139, 73413.69053839872]","[803265.1577961681, 653689.6476119291, 576498.7067355139, 73413.69053839872]","[841127.0156446119, 701381.079809638, 576498.7067355139, 73413.69053839872]","[860676.0295314203, 671536.1306456286, 576498.7067355139, 73413.69053839872]","[807116.2080026272, 656323.5693275764, 576498.7067355139, 73413.69053839872]","[813841.7081730067, 661454.0227753799, 576498.7067355139, 73413.69053839872]","[790510.601955372, 658995.4193545307, 576498.7067355139, 73413.69053839872]","[805070.2131210366, 652742.0307586, 576498.7067355139, 73413.69053839872]","[890240.4380361225, 709859.797734173, 576498.7067355139, 73413.69053839872]","[795237.4808228048, 657534.965081176, 576498.7067355139, 73413.69053839872]","[811618.4094423163, 670299.3824220003, 576498.7067355139, 73413.69053839872]","[904297.8550012739, 700964.441855907, 576498.7067355139, 73413.69053839872]","[833814.1937713486, 686513.2959490473, 576498.7067355139, 73413.69053839872]","[792642.9565563939, 653637.0481279851, 576498.7067355139, 73413.69053839872]","[845976.1412512686, 672631.6453011244, 576498.7067355139, 73413.69053839872]","[809850.3503306002, 654811.2659083434, 576498.7067355139, 73413.69053839872]","[871308.9808873528, 658173.9846403885, 576498.7067355139, 73413.69053839872]","[854004.5504617085, 684680.7332389532, 576498.7067355139, 73413.69053839872]","[850872.8263863038, 669225.1085232816, 576498.7067355139, 73413.69053839872]","[868926.1189267022, 658959.753842189, 576498.7067355139, 73413.69053839872]","[827279.0645380723, 682110.4702419395, 576498.7067355139, 73413.69053839872]","[788361.242818341, 669868.9316666044, 576498.7067355139, 73413.69053839872]","[836976.0325192625, 695162.0166838294, 576498.7067355139, 73413.69053839872]","[777864.0479822799, 659311.0324366238, 576498.7067355139, 73413.69053839872]","[867782.5114250174, 696364.3094257675, 576498.7067355139, 73413.69053839872]"
"[857219.6950630815, 668543.8763941049, 571135.7076855507, 77889.79386008208]","[867848.9402187994, 671842.029849544, 571135.7076855507, 77889.79386008208]","[785360.0160874975, 647838.8163067178, 571135.7076855507, 77889.79386008208]","[822345.1052739506, 669806.4913719067, 571135.7076855507, 77889.79386008208]","[851388.5913246499, 673408.9365212204, 571135.7076855507, 77889.79386008208]","[831362.5026064124, 688442.0327761673, 571135.7076855507, 77889.79386008208]","[871781.1362887749, 708165.6732346831, 571135.7076855507, 77889.79386008208]","[786564.5397661601, 657406.4630787066, 571135.7076855507, 77889.79386008208]","[878796.926197426, 675515.7271395903, 571135.7076855507, 77889.79386008208]","[831777.2339079408, 674633.5816929626, 571135.7076855507, 77889.79386008208]","[821901.7100205546, 645762.9857846601, 571135.7076855507, 77889.79386008208]","[907080.6921023194, 695871.3376772495, 571135.7076855507, 77889.79386008208]","[776815.9064698372, 653853.8043074185, 571135.7076855507, 77889.79386008208]","[757725.9619829132, 640259.9984163353, 571135.7076855507, 77889.79386008208]","[832154.5933793186, 663853.5205669194, 571135.7076855507, 77889.79386008208]","[828222.6579894116, 661665.874447694, 571135.7076855507, 77889.79386008208]","[828894.2404576914, 686803.2211853615, 571135.7076855507, 77889.79386008208]","[804462.5657389222, 650123.1255600242, 571135.7076855507, 77889.79386008208]","[933428.8123716688, 732329.4159721242, 571135.7076855507, 77889.79386008208]","[974427.0079341655, 699952.3738282245, 571135.7076855507, 77889.79386008208]","[815304.637665618, 703621.7172145905, 571135.7076855507, 77889.79386008208]","[771611.061733368, 662137.609138224, 571135.7076855507, 77889.79386008208]","[867278.5254347215, 692925.4109321564, 571135.7076855507, 77889.79386008208]","[741008.2198736361, 662143.2799695191, 571135.7076855507, 77889.79386008208]","[826339.1785502533, 658465.9367860595, 571135.7076855507, 77889.79386008208]","[837809.869357273, 671137.673644407, 571135.7076855507, 77889.79386008208]","[782858.7286766759, 645266.1653648335, 571135.7076855507, 77889.79386008208]","[822969.3444472757, 662773.068089064, 571135.7076855507, 77889.79386008208]","[759963.1462428375, 643196.6039497278, 571135.7076855507, 77889.79386008208]","[854992.1780050123, 719426.9625802825, 571135.7076855507, 77889.79386008208]","[902575.4400170789, 731058.0784273486, 571135.7076855507, 77889.79386008208]","[817646.6800319025, 661759.3461966973, 571135.7076855507, 77889.79386008208]","[860982.6185901647, 696996.8455008841, 571135.7076855507, 77889.79386008208]","[870863.0967467286, 668956.4034526482, 571135.7076855507, 77889.79386008208]","[920410.0386331734, 728051.0943784972, 571135.7076855507, 77889.79386008208]","[930573.4128970754, 683383.1899802759, 571135.7076855507, 77889.79386008208]","[791914.7141130982, 657205.0325075645, 571135.7076855507, 77889.79386008208]","[890227.952264612, 686594.3282532896, 571135.7076855507, 77889.79386008208]","[863862.9075323911, 644141.5569500477, 571135.7076855507, 77889.79386008208]","[876252.3076973698, 688277.9201654034, 571135.7076855507, 77889.79386008208]","[840208.1711607184, 680129.1857707858, 571135.7076855507, 77889.79386008208]","[794300.9201438962, 646634.6916554417, 571135.7076855507, 77889.79386008208]","[941545.8244009997, 692419.7829437914, 571135.7076855507, 77889.79386008208]","[817177.5252905498, 669703.2594782835, 571135.7076855507, 77889.79386008208]","[851554.9899472598, 673225.9991830058, 571135.7076855507, 77889.79386008208]","[810224.6911958243, 663682.1096488601, 571135.7076855507, 77889.79386008208]","[866285.541140537, 669119.7531643717, 571135.7076855507, 77889.79386008208]","[797047.7240709051, 668330.4999132542, 571135.7076855507, 77889.79386008208]","[729005.1492683775, 651449.7093258639, 571135.7076855507, 77889.79386008208]","[855095.6779927905, 660128.2388569625, 571135.7076855507, 77889.79386008208]"
"[772992.0132809939, 575626.8504637288, 480194.69991994865, 68415.79255562437]","[726143.5986891715, 582501.897126317, 480194.69991994865, 68415.79255562437]","[736664.6243189048, 610718.471286377, 480194.69991994865, 68415.79255562437]","[665966.5638228445, 551458.6243065675, 480194.69991994865, 68415.79255562437]","[741875.4646282974, 576284.8494058691, 480194.69991994865, 68415.79255562437]","[684794.178239903, 552684.7590851086, 480194.69991994865, 68415.79255562437]","[778070.553881417, 624229.1226801478, 480194.69991994865, 68415.79255562437]","[771149.5165747729, 570641.9945667747, 480194.69991994865, 68415.79255562437]","[702531.6587586912, 550126.5302910899, 480194.69991994865, 68415.79255562437]","[716450.6863148579, 556378.656070718, 480194.69991994865, 68415.79255562437]","[667482.0487499022, 549182.3062833804, 480194.69991994865, 68415.79255562437]","[696290.9702390394, 551261.7510297027, 480194.69991994865, 68415.79255562437]","[692362.6771228552, 559845.2246579697, 480194.69991994865, 68415.79255562437]","[758462.6201736906, 585812.284182672, 480194.69991994865, 68415.79255562437]","[683752.2500052621, 550496.109736738, 480194.69991994865, 68415.79255562437]","[744528.0640764083, 580647.3914296905, 480194.69991994865, 68415.79255562437]","[773402.1315448307, 632769.6569237801, 480194.69991994865, 68415.79255562437]","[691572.7110227939, 563502.4507673548, 480194.69991994865, 68415.79255562437]","[806235.2200936958, 604926.8044079953, 480194.69991994865, 68415.79255562437]","[612870.9371202744, 541164.1114283508, 480194.69991994865, 68415.79255562437]","[708799.7897298968, 555519.7057381555, 480194.69991994865, 68415.79255562437]","[685802.9459267977, 545909.2748038871, 480194.69991994865, 68415.79255562437]","[779469.1554686278, 571490.6656935426, 480194.69991994865, 68415.79255562437]","[747591.8062751939, 569057.2141618031, 480194.69991994865, 68415.79255562437]","[737343.525369095, 579408.0912594106, 480194.69991994865, 68415.79255562437]","[688117.874430222, 564508.0567311331, 480194.69991994865, 68415.79255562437]","[788304.334330315, 593929.875441627, 480194.69991994865, 68415.79255562437]","[779547.3773828829, 596068.4023624739, 480194.69991994865, 68415.79255562437]","[709736.7005893786, 566109.2224303929, 480194.69991994865, 68415.79255562437]","[658974.4304698998, 554719.9389689829, 480194.69991994865, 68415.79255562437]","[626294.5007700286, 547048.5192290989, 480194.69991994865, 68415.79255562437]","[701184.0541498008, 558861.2090897127, 480194.69991994865, 68415.79255562437]","[721591.7037047085, 601056.1051077362, 480194.69991994865, 68415.79255562437]","[722054.4275033828, 555377.9772777231, 480194.69991994865, 68415.79255562437]","[724385.1840187999, 585148.6115818634, 480194.69991994865, 68415.79255562437]","[705802.1860478828, 550486.0910519415, 480194.69991994865, 68415.79255562437]","[669474.0813997292, 547362.0685548241, 480194.69991994865, 68415.79255562437]","[766477.7726867492, 565827.6243147749, 480194.69991994865, 68415.79255562437]","[733060.9396545693, 557660.6747997268, 480194.69991994865, 68415.79255562437]","[717634.4329083966, 565452.5498707935, 480194.69991994865, 68415.79255562437]","[697782.6458066487, 554767.0390032663, 480194.69991994865, 68415.79255562437]","[768666.0289419951, 562422.2995171192, 480194.69991994865, 68415.79255562437]","[695714.15369825, 576069.609438859, 480194.69991994865, 68415.79255562437]","[661611.6047616764, 548292.2392326845, 480194.69991994865, 68415.79255562437]","[690147.3121916932, 556579.8555332168, 480194.69991994865, 68415.79255562437]","[700973.3190787559, 571524.5782949807, 480194.69991994865, 68415.79255562437]","[631790.5841525212, 541484.1841327043, 480194.69991994865, 68415.79255562437]","[741075.573443458, 557768.8208321499, 480194.69991994865, 68415.79255562437]","[697563.9957038368, 556785.9864649075, 480194.69991994865, 68415.79255562437]","[693554.185925224, 547452.4277385556, 480194.69991994865, 68415.79255562437]"
"[739179.4540819599, 606794.0325126157, 490150.67363375827, 73859.7098210938]","[689581.4977442339, 561898.814376429, 490150.67363375827, 73859.7098210938]","[665103.8692036322, 576490.6940047222, 490150.67363375827, 73859.7098210938]","[680060.4359837337, 575955.4396617567, 490150.67363375827, 73859.7098210938]","[717632.1718510889, 578698.1212119989, 490150.67363375827, 73859.7098210938]","[760774.0312856686, 582805.9910296873, 490150.67363375827, 73859.7098210938]","[779214.9555304379, 635670.9976605314, 490150.67363375827, 73859.7098210938]","[742976.1812250045, 576353.2710656312, 490150.67363375827, 73859.7098210938]","[773033.7420787433, 620101.679778371, 490150.67363375827, 73859.7098210938]","[726530.9291025108, 577746.8961013049, 490150.67363375827, 73859.7098210938]","[772955.3849857678, 621460.8131873454, 490150.67363375827, 73859.7098210938]","[647616.8249206583, 559943.2162028416, 490150.67363375827, 73859.7098210938]","[662902.992607879, 555594.0401527196, 490150.67363375827, 73859.7098210938]","[729140.8039059829, 576561.8491961443, 490150.67363375827, 73859.7098210938]","[721613.099112048, 563321.5700386597, 490150.67363375827, 73859.7098210938]","[723188.517217244, 569153.5731523194, 490150.67363375827, 73859.7098210938]","[715270.5360748894, 575618.8097450312, 490150.67363375827, 73859.7098210938]","[740793.1438017086, 590594.873955884, 490150.67363375827, 73859.7098210938]","[748568.9840668016, 580537.3586674089, 490150.67363375827, 73859.7098210938]","[682026.2586072733, 562559.9216892312, 490150.67363375827, 73859.7098210938]","[776904.9248904419, 595512.5074681795, 490150.67363375827, 73859.7098210938]","[732261.1741495604, 590118.5289767365, 490150.67363375827, 73859.7098210938]","[862240.7814846094, 664629.7620001537, 490150.67363375827, 73859.7098210938]","[717334.8553463373, 558106.660127035, 490150.67363375827, 73859.7098210938]","[691449.004096423, 566292.4269135315, 490150.67363375827, 73859.7098210938]","[706717.0307281022, 574751.5100388051, 490150.67363375827, 73859.7098210938]","[704500.55988189, 579511.2848615067, 490150.67363375827, 73859.7098210938]","[673142.9699681215, 577601.0354452512, 490150.67363375827, 73859.7098210938]","[709302.5815621495, 575771.0231412037, 490150.67363375827, 73859.7098210938]","[742320.5919194715, 611204.1127719708, 490150.67363375827, 73859.7098210938]","[805583.2911837061, 585505.5268616187, 490150.67363375827, 73859.7098210938]","[848148.9788292089, 679208.4950296244, 490150.67363375827, 73859.7098210938]","[640313.0546394486, 556494.3321666676, 490150.67363375827, 73859.7098210938]","[729277.9574656802, 564576.9827810372, 490150.67363375827, 73859.7098210938]","[710128.9978648699, 569548.7423749168, 490150.67363375827, 73859.7098210938]","[699552.6300567457, 589170.93341314, 490150.67363375827, 73859.7098210938]","[729985.8942364006, 589524.2193287128, 490150.67363375827, 73859.7098210938]","[677670.6779118996, 559192.4135368073, 490150.67363375827, 73859.7098210938]","[697712.6327996416, 563490.642389587, 490150.67363375827, 73859.7098210938]","[717072.0821864156, 579454.05613591, 490150.67363375827, 73859.7098210938]","[720701.1315745701, 581541.8962735063, 490150.67363375827, 73859.7098210938]","[703363.2334128984, 566800.447117181, 490150.67363375827, 73859.7098210938]","[768494.091690653, 587774.3802679568, 490150.67363375827, 73859.7098210938]","[671951.1252269924, 564703.0339266035, 490150.67363375827, 73859.7098210938]","[770548.3008559722, 593239.813428977, 490150.67363375827, 73859.7098210938]","[694421.7698627136, 569734.0278195424, 490150.67363375827, 73859.7098210938]","[718711.0435838673, 603527.8647660003, 490150.67363375827, 73859.7098210938]","[750486.4954981288, 599416.5103052132, 490150.67363375827, 73859.7098210938]","[775126.8590477674, 602720.7361591749, 490150.67363375827, 73859.7098210938]","[707861.6473425494, 564944.7369912594, 490150.67363375827, 73859.7098210938]"
"[671820.0765919358, 583825.8823740393, 499635.9038688849, 69443.33588961557]","[760770.6441346391, 576805.7769896473, 499635.9038688849, 69443.33588961557]","[679833.9957273226, 560364.2952372443, 499635.9038688849, 69443.33588961557]","[691745.0742238066, 569759.8635877436, 499635.9038688849, 69443.33588961557]","[777569.5365581332, 589248.9514152592, 499635.9038688849, 69443.33588961557]","[746605.9450956802, 574218.2280175147, 499635.9038688849, 69443.33588961557]","[746960.3567666322, 582242.0692493735, 499635.9038688849, 69443.33588961557]","[785605.2787688003, 607018.5142348162, 499635.9038688849, 69443.33588961557]","[718137.2046659089, 580114.9852682663, 499635.9038688849, 69443.33588961557]","[833681.7144433256, 640744.6973743709, 499635.9038688849, 69443.33588961557]","[701139.6048629083, 581745.8272910923, 499635.9038688849, 69443.33588961557]","[724544.8798682671, 602840.8798699471, 499635.9038688849, 69443.33588961557]","[707881.0241453495, 568090.4337099582, 499635.9038688849, 69443.33588961557]","[826682.3197377027, 701256.0494661116, 499635.9038688849, 69443.33588961557]","[816190.1908171342, 633485.8062280136, 499635.9038688849, 69443.33588961557]","[761535.7149808599, 584781.7551869507, 499635.9038688849, 69443.33588961557]","[719127.6187842964, 603864.2435497282, 499635.9038688849, 69443.33588961557]","[779934.9873257537, 607823.0577273238, 499635.9038688849, 69443.33588961557]","[727034.1989768322, 576173.828741934, 499635.9038688849, 69443.33588961557]","[701169.9568730524, 580761.1634901783, 499635.9038688849, 69443.33588961557]","[677706.975337722, 578795.1400728482, 499635.9038688849, 69443.33588961557]","[784309.071780972, 589015.4291650369, 499635.9038688849, 69443.33588961557]","[676925.5123572616, 576353.1277723223, 499635.9038688849, 69443.33588961557]","[732984.6437611409, 610646.1951905048, 499635.9038688849, 69443.33588961557]","[677469.696609182, 570287.0257726975, 499635.9038688849, 69443.33588961557]","[679277.5808951877, 569533.500451644, 499635.9038688849, 69443.33588961557]","[721099.1328385005, 574971.4153688243, 499635.9038688849, 69443.33588961557]","[720815.630407251, 584855.385722542, 499635.9038688849, 69443.33588961557]","[774072.7829526108, 603928.5450334199, 499635.9038688849, 69443.33588961557]","[852822.5256160279, 675242.3171109932, 499635.9038688849, 69443.33588961557]","[757001.6335142403, 594184.6761474547, 499635.9038688849, 69443.33588961557]","[655032.0729925988, 563871.8558627039, 499635.9038688849, 69443.33588961557]","[726149.6566601294, 581904.834845812, 499635.9038688849, 69443.33588961557]","[777246.3288650104, 597542.4142818063, 499635.9038688849, 69443.33588961557]","[754236.1909657132, 612065.7597862547, 499635.9038688849, 69443.33588961557]","[706183.4463040745, 576241.1900758146, 499635.9038688849, 69443.33588961557]","[943921.9077648455, 740928.2914265059, 499635.9038688849, 69443.33588961557]","[704363.9031163496, 583868.1904778682, 499635.9038688849, 69443.33588961557]","[750567.5588190706, 624400.3663462866, 499635.9038688849, 69443.33588961557]","[770158.758210907, 588867.6278774607, 499635.9038688849, 69443.33588961557]","[715315.0082380265, 600971.3633686763, 499635.9038688849, 69443.33588961557]","[739503.7079132181, 581302.2977829085, 499635.9038688849, 69443.33588961557]","[655573.41756684, 577225.1435141946, 499635.9038688849, 69443.33588961557]","[763675.9730992925, 595383.0249862967, 499635.9038688849, 69443.33588961557]","[706763.3661541549, 583786.8603262482, 499635.9038688849, 69443.33588961557]","[706101.823776087, 573373.0169047064, 499635.9038688849, 69443.33588961557]","[722232.4647919304, 582657.8181435282, 499635.9038688849, 69443.33588961557]","[839232.8308445975, 621650.4818073688, 499635.9038688849, 69443.33588961557]","[743564.6565214543, 578426.2577976305, 499635.9038688849, 69443.33588961557]","[729731.772670822, 608216.0165338959, 499635.9038688849, 69443.33588961557]"
"[821505.1263356631, 584930.4122490534, 513466.6768156095, 71319.38422907451]","[766572.2983704272, 612216.3326242397, 513466.6768156095, 71319.38422907451]","[687365.7311329946, 583369.5999841167, 513466.6768156095, 71319.38422907451]","[727702.497866358, 597409.1516884699, 513466.6768156095, 71319.38422907451]","[724831.78508429, 600827.1552167257, 513466.6768156095, 71319.38422907451]","[852546.8126195222, 699526.0987077376, 513466.6768156095, 71319.38422907451]","[728158.4312638257, 600064.2069271391, 513466.6768156095, 71319.38422907451]","[822772.2396930833, 639257.153834028, 513466.6768156095, 71319.38422907451]","[650477.6184287838, 579376.8980840822, 513466.6768156095, 71319.38422907451]","[740878.5386105971, 587238.3161281513, 513466.6768156095, 71319.38422907451]","[732278.8469171504, 600265.5632554967, 513466.6768156095, 71319.38422907451]","[711015.8549875459, 592574.7109595743, 513466.6768156095, 71319.38422907451]","[769770.1756978579, 599316.3714334193, 513466.6768156095, 71319.38422907451]","[658242.067166266, 574721.88932512, 513466.6768156095, 71319.38422907451]","[762272.2099006438, 588513.3028115364, 513466.6768156095, 71319.38422907451]","[744939.9710346294, 610045.100480559, 513466.6768156095, 71319.38422907451]","[736581.201818989, 600290.4071067016, 513466.6768156095, 71319.38422907451]","[690015.602639911, 583696.8781652054, 513466.6768156095, 71319.38422907451]","[712360.6975311878, 605003.5607900176, 513466.6768156095, 71319.38422907451]","[810807.8926981444, 637806.9847804476, 513466.6768156095, 71319.38422907451]","[742298.679528968, 640789.4798923524, 513466.6768156095, 71319.38422907451]","[722131.6323604265, 607320.1495822022, 513466.6768156095, 71319.38422907451]","[776156.4183135992, 609023.0179249686, 513466.6768156095, 71319.38422907451]","[753082.379016088, 593103.4358435294, 513466.6768156095, 71319.38422907451]","[720444.5352674235, 590838.3921109057, 513466.6768156095, 71319.38422907451]","[810324.3503817449, 633445.2252835762, 513466.6768156095, 71319.38422907451]","[693099.852486083, 574452.2673705304, 513466.6768156095, 71319.38422907451]","[856856.2172297143, 643580.5561341846, 513466.6768156095, 71319.38422907451]","[711071.9335698811, 594093.2674765206, 513466.6768156095, 71319.38422907451]","[689275.1810051939, 586708.920450496, 513466.6768156095, 71319.38422907451]","[765607.4798620823, 610205.0582616028, 513466.6768156095, 71319.38422907451]","[747015.3055560589, 601592.4216321046, 513466.6768156095, 71319.38422907451]","[757529.0873634341, 612026.2612763126, 513466.6768156095, 71319.38422907451]","[859131.8726847972, 667826.2892437273, 513466.6768156095, 71319.38422907451]","[774616.7788689465, 626996.9339223345, 513466.6768156095, 71319.38422907451]","[734904.8164969336, 603519.0000700267, 513466.6768156095, 71319.38422907451]","[777110.4710358821, 619703.1070399805, 513466.6768156095, 71319.38422907451]","[730933.2289514471, 594400.8176165924, 513466.6768156095, 71319.38422907451]","[775751.5840196793, 628907.0574596873, 513466.6768156095, 71319.38422907451]","[703529.4117192694, 587558.6050913397, 513466.6768156095, 71319.38422907451]","[774136.2264951073, 630722.5623121663, 513466.6768156095, 71319.38422907451]","[831346.9465850051, 627443.5313600189, 513466.6768156095, 71319.38422907451]","[738525.2246301019, 597700.8109916174, 513466.6768156095, 71319.38422907451]","[724595.3680332495, 610527.0007952012, 513466.6768156095, 71319.38422907451]","[654239.9688752242, 574181.5438570773, 513466.6768156095, 71319.38422907451]","[794299.3489742227, 663978.8039579265, 513466.6768156095, 71319.38422907451]","[858140.7859826765, 623753.4925048234, 513466.6768156095, 71319.38422907451]","[714045.7667109674, 581442.3015666942, 513466.6768156095, 71319.38422907451]","[718797.4455915021, 631081.4580209465, 513466.6768156095, 71319.38422907451]","[758652.3016782685, 622027.6508853448, 513466.6768156095, 71319.38422907451]"
"[780106.8697077456, 621279.1645773982, 531693.0583548319, 74597.39632284724]","[754681.3492122921, 618602.4650090403, 531693.0583548319, 74597.39632284724]","[748958.4358798079, 621909.8090075144, 531693.0583548319, 74597.39632284724]","[849721.9476322172, 627389.67858103, 531693.0583548319, 74597.39632284724]","[787727.5478446151, 626229.0235119708, 531693.0583548319, 74597.39632284724]","[801768.3969922295, 656953.5150459476, 531693.0583548319, 74597.39632284724]","[771740.5444040563, 614670.9189032194, 531693.0583548319, 74597.39632284724]","[780056.391568484, 607005.3604868512, 531693.0583548319, 74597.39632284724]","[781146.9872746186, 628600.2204142334, 531693.0583548319, 74597.39632284724]","[758630.7874754973, 614070.9845638041, 531693.0583548319, 74597.39632284724]","[735945.413935355, 610959.2845901008, 531693.0583548319, 74597.39632284724]","[767505.451655245, 618536.4667295307, 531693.0583548319, 74597.39632284724]","[821644.1725699165, 645104.7124946924, 531693.0583548319, 74597.39632284724]","[833692.9257541911, 672423.8389361541, 531693.0583548319, 74597.39632284724]","[831497.4012062105, 638792.1074577486, 531693.0583548319, 74597.39632284724]","[741162.260357572, 617139.3115980744, 531693.0583548319, 74597.39632284724]","[913383.116404224, 708689.5111529755, 531693.0583548319, 74597.39632284724]","[725034.8767548979, 595357.9148925989, 531693.0583548319, 74597.39632284724]","[754260.5214536628, 641491.0499182735, 531693.0583548319, 74597.39632284724]","[776717.8747238206, 630698.1626337796, 531693.0583548319, 74597.39632284724]","[758246.9495338227, 609420.0596780289, 531693.0583548319, 74597.39632284724]","[756754.3262167592, 629981.7098512629, 531693.0583548319, 74597.39632284724]","[883879.3009615014, 639237.5782297656, 531693.0583548319, 74597.39632284724]","[809438.0639952078, 607284.9924586302, 531693.0583548319, 74597.39632284724]","[796710.4151380497, 632226.7333028221, 531693.0583548319, 74597.39632284724]","[787585.332894144, 657608.2760794077, 531693.0583548319, 74597.39632284724]","[771211.7116019388, 616044.7569791265, 531693.0583548319, 74597.39632284724]","[850053.9906888133, 659406.2962039863, 531693.0583548319, 74597.39632284724]","[759836.989398001, 607043.7262002835, 531693.0583548319, 74597.39632284724]","[765134.4596232298, 633727.1258175361, 531693.0583548319, 74597.39632284724]","[776656.545523698, 628335.0058146716, 531693.0583548319, 74597.39632284724]","[871690.8517484196, 702365.9872793376, 531693.0583548319, 74597.39632284724]","[737122.0884243199, 609814.4722879654, 531693.0583548319, 74597.39632284724]","[776938.7544893041, 630738.3954484843, 531693.0583548319, 74597.39632284724]","[786168.7670203382, 613682.8507984492, 531693.0583548319, 74597.39632284724]","[845919.7465547636, 640435.2986356533, 531693.0583548319, 74597.39632284724]","[757289.6616371362, 625347.3330347274, 531693.0583548319, 74597.39632284724]","[742815.4007611476, 606330.9991142264, 531693.0583548319, 74597.39632284724]","[811900.5169512444, 613695.8986687252, 531693.0583548319, 74597.39632284724]","[925202.9138518014, 670545.5657772282, 531693.0583548319, 74597.39632284724]","[813534.8473567776, 649775.3283254653, 531693.0583548319, 74597.39632284724]","[801099.5137968702, 637223.1451144544, 531693.0583548319, 74597.39632284724]","[738879.4673729606, 621574.3184416448, 531693.0583548319, 74597.39632284724]","[825814.1862983141, 637588.0626057799, 531693.0583548319, 74597.39632284724]","[889389.0681918222, 645625.8737847514, 531693.0583548319, 74597.39632284724]","[830307.0727574942, 619859.8858001692, 531693.0583548319, 74597.39632284724]","[745949.3385883847, 614414.9167450077, 531693.0583548319, 74597.39632284724]","[750067.2739019581, 621466.7523666933, 531693.0583548319, 74597.39632284724]","[701359.5533417104, 607374.9017019888, 531693.0583548319, 74597.39632284724]","[787330.159188648, 624734.2725963205, 531693.0583548319, 74597.39632284724]"
"[729617.4590781609, 598922.2503216106, 512332.7606303493, 75519.1924462408]","[780886.6082600311, 632195.6140366275, 512332.7606303493, 75519.1924462408]","[780627.9612120985, 621556.7734059582, 512332.7606303493, 75519.1924462408]","[725973.5439662582, 593973.9205385072, 512332.7606303493, 75519.1924462408]","[853596.762849475, 639331.4038386615, 512332.7606303493, 75519.1924462408]","[779482.3567462437, 606809.3354236935, 512332.7606303493, 75519.1924462408]","[765737.0326610007, 596982.872081365, 512332.7606303493, 75519.1924462408]","[764243.7638034645, 603753.5829773581, 512332.7606303493, 75519.1924462408]","[758825.9545706692, 599236.9548192653, 512332.7606303493, 75519.1924462408]","[782708.3491524071, 625545.9746828411, 512332.7606303493, 75519.1924462408]","[828352.0446901756, 649544.2634179209, 512332.7606303493, 75519.1924462408]","[686092.9804845654, 581859.9891069322, 512332.7606303493, 75519.1924462408]","[808245.4064421057, 633054.8428093302, 512332.7606303493, 75519.1924462408]","[727144.514578249, 605923.8718512845, 512332.7606303493, 75519.1924462408]","[707290.4715670961, 577527.0045606013, 512332.7606303493, 75519.1924462408]","[757310.3479921663, 606994.5541746356, 512332.7606303493, 75519.1924462408]","[788541.4920146834, 597318.5928207618, 512332.7606303493, 75519.1924462408]","[681774.2604510256, 587286.2318267104, 512332.7606303493, 75519.1924462408]","[730686.7718805087, 602782.9710284361, 512332.7606303493, 75519.1924462408]","[633108.4380364533, 573793.0038732337, 512332.7606303493, 75519.1924462408]","[778814.0462508802, 631610.471228972, 512332.7606303493, 75519.1924462408]","[873975.866753875, 650680.39722674, 512332.7606303493, 75519.1924462408]","[699460.548504753, 590667.640335296, 512332.7606303493, 75519.1924462408]","[853251.08731725, 675928.8622969505, 512332.7606303493, 75519.1924462408]","[733310.9065317503, 594857.234246713, 512332.7606303493, 75519.1924462408]","[764556.5143102471, 663637.8968737996, 512332.7606303493, 75519.1924462408]","[751659.8318925586, 617834.9568943892, 512332.7606303493, 75519.1924462408]","[738091.4030870756, 595859.3411443025, 512332.7606303493, 75519.1924462408]","[691393.6316797875, 581388.4239652589, 512332.7606303493, 75519.1924462408]","[845166.5927237116, 642271.1689864494, 512332.7606303493, 75519.1924462408]","[823924.3892027778, 661375.6614951199, 512332.7606303493, 75519.1924462408]","[742333.5403541302, 598254.411117621, 512332.7606303493, 75519.1924462408]","[736176.1639985837, 601786.9008728213, 512332.7606303493, 75519.1924462408]","[727996.922597096, 592554.5020878412, 512332.7606303493, 75519.1924462408]","[738084.4353658159, 598695.625160296, 512332.7606303493, 75519.1924462408]","[774505.5209038674, 627898.6804195798, 512332.7606303493, 75519.1924462408]","[848241.4402827391, 624693.9057819694, 512332.7606303493, 75519.1924462408]","[758278.0792584566, 601344.6926808028, 512332.7606303493, 75519.1924462408]","[796127.3789553706, 596418.3391940527, 512332.7606303493, 75519.1924462408]","[722749.249161208, 602629.7025612774, 512332.7606303493, 75519.1924462408]","[826076.492166083, 642163.5403281805, 512332.7606303493, 75519.1924462408]","[731434.9314190143, 614583.9444623302, 512332.7606303493, 75519.1924462408]","[732042.7643901189, 596119.7607687607, 512332.7606303493, 75519.1924462408]","[698210.6840112437, 592752.4585243666, 512332.7606303493, 75519.1924462408]","[801290.8247785408, 636801.6246378805, 512332.7606303493, 75519.1924462408]","[714152.313199013, 597390.2331482342, 512332.7606303493, 75519.1924462408]","[778032.3837105986, 592604.0176983594, 512332.7606303493, 75519.1924462408]","[733624.4987093135, 614445.8696492547, 512332.7606303493, 75519.1924462408]","[801445.3155027451, 605291.717675103, 512332.7606303493, 75519.1924462408]","[821522.25404288, 639896.0963722664, 512332.7606303493, 75519.1924462408]"
"[804366.1537041435, 644037.4530809922, 512859.65447874024, 73485.87012841071]","[830338.9182572813, 645654.2884275704, 512859.65447874024, 73485.87012841071]","[731712.5504177676, 624842.0635815669, 512859.65447874024, 73485.87012841071]","[728130.8353684627, 595446.0990123604, 512859.65447874024, 73485.87012841071]","[816366.2012128785, 646232.8385956174, 512859.65447874024, 73485.87012841071]","[677183.1559459731, 579754.6091715257, 512859.65447874024, 73485.87012841071]","[696833.2259858669, 583120.4236238049, 512859.65447874024, 73485.87012841071]","[778466.0167080002, 602408.2095582801, 512859.65447874024, 73485.87012841071]","[697071.6481608883, 589630.1866423882, 512859.65447874024, 73485.87012841071]","[782644.3586845036, 618119.7693170425, 512859.65447874024, 73485.87012841071]","[795714.5846777717, 648503.3006182772, 512859.65447874024, 73485.87012841071]","[701878.1613613885, 588838.698970523, 512859.65447874024, 73485.87012841071]","[699159.8321362312, 578324.4046143943, 512859.65447874024, 73485.87012841071]","[780285.7358985322, 609627.3412807459, 512859.65447874024, 73485.87012841071]","[867514.6804461789, 710962.7112627492, 512859.65447874024, 73485.87012841071]","[829159.8716130935, 647092.9462662911, 512859.65447874024, 73485.87012841071]","[810272.6261045149, 663341.2008948, 512859.65447874024, 73485.87012841071]","[736350.127740024, 591902.9116072669, 512859.65447874024, 73485.87012841071]","[708817.2276376433, 593916.9031107079, 512859.65447874024, 73485.87012841071]","[750100.4790397901, 595908.6821419607, 512859.65447874024, 73485.87012841071]","[743920.4838131747, 598965.7665658505, 512859.65447874024, 73485.87012841071]","[820974.0611574684, 632132.6454176308, 512859.65447874024, 73485.87012841071]","[762700.5836579172, 598824.0728774857, 512859.65447874024, 73485.87012841071]","[862917.4815011602, 658813.6449089962, 512859.65447874024, 73485.87012841071]","[727065.7588239996, 591296.2464218551, 512859.65447874024, 73485.87012841071]","[758174.8130874992, 613550.0562919644, 512859.65447874024, 73485.87012841071]","[746634.4457573975, 611793.9190841428, 512859.65447874024, 73485.87012841071]","[732500.3763773972, 622993.8290132452, 512859.65447874024, 73485.87012841071]","[721964.4073671763, 583176.2372980347, 512859.65447874024, 73485.87012841071]","[758335.8658762631, 586750.218776314, 512859.65447874024, 73485.87012841071]","[736389.6236051145, 597708.1458550997, 512859.65447874024, 73485.87012841071]","[733997.8570592332, 589800.2958378508, 512859.65447874024, 73485.87012841071]","[691950.4365472065, 593264.4487442457, 512859.65447874024, 73485.87012841071]","[849160.8620780368, 649549.1632811748, 512859.65447874024, 73485.87012841071]","[902756.4848368732, 672718.21860754, 512859.65447874024, 73485.87012841071]","[654209.027539929, 575095.4432769624, 512859.65447874024, 73485.87012841071]","[715735.6104140388, 587960.1542534688, 512859.65447874024, 73485.87012841071]","[744145.2155035293, 597501.7419363442, 512859.65447874024, 73485.87012841071]","[813101.5885082663, 629686.1650964234, 512859.65447874024, 73485.87012841071]","[773124.0295148288, 598423.632393868, 512859.65447874024, 73485.87012841071]","[786242.1048866485, 596161.0434256851, 512859.65447874024, 73485.87012841071]","[819882.0233092407, 630372.539093848, 512859.65447874024, 73485.87012841071]","[695574.2966326284, 581086.0163054856, 512859.65447874024, 73485.87012841071]","[755903.8305410848, 611365.1613468897, 512859.65447874024, 73485.87012841071]","[748787.8308249644, 620512.242317047, 512859.65447874024, 73485.87012841071]","[827487.9406407956, 600042.7812086104, 512859.65447874024, 73485.87012841071]","[762317.5804288225, 589729.1110466351, 512859.65447874024, 73485.87012841071]","[690544.9465770426, 592065.42494755, 512859.65447874024, 73485.87012841071]","[695104.7056306488, 583862.6538208781, 512859.65447874024, 73485.87012841071]","[718316.3726883028, 593513.7047767882, 512859.65447874024, 73485.87012841071]"
"[773940.0430748563, 629611.8912967267, 505428.1774118311, 73886.55006814185]","[693962.1628076769, 605266.7865857574, 505428.1774118311, 73886.55006814185]","[775435.4385030821, 607547.3091436456, 505428.1774118311, 73886.55006814185]","[705157.4580259053, 577899.3245842197, 505428.1774118311, 73886.55006814185]","[745750.6178046486, 597659.3561263181, 505428.1774118311, 73886.55006814185]","[817467.4889156909, 618304.289421746, 505428.1774118311, 73886.55006814185]","[735862.283537033, 590210.3285987838, 505428.1774118311, 73886.55006814185]","[818637.1363231005, 652824.3659848297, 505428.1774118311, 73886.55006814185]","[777518.3646293303, 634361.4022409653, 505428.1774118311, 73886.55006814185]","[766092.4282468585, 606716.4810583856, 505428.1774118311, 73886.55006814185]","[743839.1151478942, 630088.0482147379, 505428.1774118311, 73886.55006814185]","[786258.7870094291, 617628.8986378873, 505428.1774118311, 73886.55006814185]","[738298.8189388064, 598369.7736209187, 505428.1774118311, 73886.55006814185]","[757978.5276911216, 603450.3627065661, 505428.1774118311, 73886.55006814185]","[849255.312423911, 606979.7223792855, 505428.1774118311, 73886.55006814185]","[819288.4240681971, 622164.8958838143, 505428.1774118311, 73886.55006814185]","[857478.0793455195, 662053.939976152, 505428.1774118311, 73886.55006814185]","[709242.3782794207, 582180.5556288138, 505428.1774118311, 73886.55006814185]","[772321.5554841015, 619615.0224083327, 505428.1774118311, 73886.55006814185]","[756373.9004214746, 588235.1621397897, 505428.1774118311, 73886.55006814185]","[672349.5707346157, 581622.334604009, 505428.1774118311, 73886.55006814185]","[818928.9516094493, 624136.7651389297, 505428.1774118311, 73886.55006814185]","[706349.730597408, 594151.3623749833, 505428.1774118311, 73886.55006814185]","[704586.7813984841, 587910.9369863534, 505428.1774118311, 73886.55006814185]","[732597.3663395628, 601133.3532899303, 505428.1774118311, 73886.55006814185]","[738495.8833270244, 595564.1959831698, 505428.1774118311, 73886.55006814185]","[779570.2130563356, 619494.1692384513, 505428.1774118311, 73886.55006814185]","[729206.4821509308, 600793.6659318648, 505428.1774118311, 73886.55006814185]","[678293.0301293606, 575495.6087378281, 505428.1774118311, 73886.55006814185]","[678557.9473403743, 574188.8064163548, 505428.1774118311, 73886.55006814185]","[741912.7599071859, 601272.9098797964, 505428.1774118311, 73886.55006814185]","[784825.2567875203, 606197.291570474, 505428.1774118311, 73886.55006814185]","[692839.5007166526, 573136.4741408143, 505428.1774118311, 73886.55006814185]","[693334.182235739, 570194.9397324646, 505428.1774118311, 73886.55006814185]","[775457.8114925028, 595172.7916557775, 505428.1774118311, 73886.55006814185]","[733570.6523515111, 621551.366544705, 505428.1774118311, 73886.55006814185]","[729286.464624937, 620477.5640163235, 505428.1774118311, 73886.55006814185]","[817406.0834454795, 624684.0364659883, 505428.1774118311, 73886.55006814185]","[735295.3378034859, 591714.9806905824, 505428.1774118311, 73886.55006814185]","[790749.0615543952, 595023.051872378, 505428.1774118311, 73886.55006814185]","[742841.0935668641, 612931.7632857133, 505428.1774118311, 73886.55006814185]","[701806.4986915532, 601469.6112418473, 505428.1774118311, 73886.55006814185]","[704379.9572540818, 575239.6957035833, 505428.1774118311, 73886.55006814185]","[765918.6989189408, 589704.384741246, 505428.1774118311, 73886.55006814185]","[706514.6151267726, 585238.8035701897, 505428.1774118311, 73886.55006814185]","[705809.5771582881, 587158.378900757, 505428.1774118311, 73886.55006814185]","[769278.9886671396, 629309.1950055704, 505428.1774118311, 73886.55006814185]","[731718.9143769991, 582037.8623480743, 505428.1774118311, 73886.55006814185]","[689711.8939747225, 581669.5948270394, 505428.1774118311, 73886.55006814185]","[746827.4929980921, 588671.2270366888, 505428.1774118311, 73886.55006814185]"
"[785928.1521105898, 604122.7915838029, 528050.8094654809, 76136.56387777116]","[800752.7939982868, 616272.2403106258, 528050.8094654809, 76136.56387777116]","[750012.026449171, 605833.5974349064, 528050.8094654809, 76136.56387777116]","[807558.1220017355, 625117.9253665626, 528050.8094654809, 76136.56387777116]","[814998.9506434232, 657060.1739632281, 528050.8094654809, 76136.56387777116]","[856669.2325819393, 629658.5921095005, 528050.8094654809, 76136.56387777116]","[807070.1440308733, 644786.2171534569, 528050.8094654809, 76136.56387777116]","[702505.7952704736, 602655.9800471861, 528050.8094654809, 76136.56387777116]","[774977.1479710022, 597865.3505865383, 528050.8094654809, 76136.56387777116]","[791481.3440535938, 626858.6460839164, 528050.8094654809, 76136.56387777116]","[763365.190936491, 607984.8911394585, 528050.8094654809, 76136.56387777116]","[829018.2935364932, 633082.2144832518, 528050.8094654809, 76136.56387777116]","[730140.7705711001, 624666.9411156613, 528050.8094654809, 76136.56387777116]","[758080.048669953, 616186.7274668003, 528050.8094654809, 76136.56387777116]","[741290.2792667889, 606959.2422480863, 528050.8094654809, 76136.56387777116]","[821583.9746858905, 645735.318983752, 528050.8094654809, 76136.56387777116]","[732848.6579735439, 611147.586541268, 528050.8094654809, 76136.56387777116]","[775442.2782546643, 626771.652894125, 528050.8094654809, 76136.56387777116]","[779075.802956298, 632173.0149586534, 528050.8094654809, 76136.56387777116]","[808116.8344701095, 642944.2513242186, 528050.8094654809, 76136.56387777116]","[808158.4687887022, 624836.2745700298, 528050.8094654809, 76136.56387777116]","[785390.5037899443, 629538.1712213006, 528050.8094654809, 76136.56387777116]","[704810.7308168545, 605258.4940143084, 528050.8094654809, 76136.56387777116]","[816611.9842437244, 651442.9660692739, 528050.8094654809, 76136.56387777116]","[818032.4490262629, 645895.8689464245, 528050.8094654809, 76136.56387777116]","[809473.1845570148, 666567.0033512586, 528050.8094654809, 76136.56387777116]","[778942.3822026063, 633808.3422230973, 528050.8094654809, 76136.56387777116]","[789848.9691348083, 627201.5945300689, 528050.8094654809, 76136.56387777116]","[863796.0103918081, 631044.6340879037, 528050.8094654809, 76136.56387777116]","[768670.8627196547, 628027.560482533, 528050.8094654809, 76136.56387777116]","[733985.7656246333, 630058.521524618, 528050.8094654809, 76136.56387777116]","[725390.6166793212, 607934.4873912494, 528050.8094654809, 76136.56387777116]","[776823.9617383821, 609543.8800209359, 528050.8094654809, 76136.56387777116]","[730006.3895964064, 603296.7033637007, 528050.8094654809, 76136.56387777116]","[841344.8967708945, 614839.4532891035, 528050.8094654809, 76136.56387777116]","[717349.1172455427, 609618.8007668954, 528050.8094654809, 76136.56387777116]","[735623.4730640096, 633996.0757545034, 528050.8094654809, 76136.56387777116]","[732571.0983593153, 623933.4226298002, 528050.8094654809, 76136.56387777116]","[725618.6855728547, 606294.9391429594, 528050.8094654809, 76136.56387777116]","[696499.5876594426, 600791.5392268884, 528050.8094654809, 76136.56387777116]","[718896.8570217591, 605015.1268953242, 528050.8094654809, 76136.56387777116]","[756143.9138023772, 643556.4438420697, 528050.8094654809, 76136.56387777116]","[710810.1367156344, 605962.8267048553, 528050.8094654809, 76136.56387777116]","[721267.5882676286, 603666.267785114, 528050.8094654809, 76136.56387777116]","[686316.4623986982, 589521.3783015005, 528050.8094654809, 76136.56387777116]","[686856.5371628002, 598339.2825468737, 528050.8094654809, 76136.56387777116]","[739353.2250191112, 602059.9905747392, 528050.8094654809, 76136.56387777116]","[750381.1286702951, 622827.7109016228, 528050.8094654809, 76136.56387777116]","[690860.5841211091, 595050.4661953513, 528050.8094654809, 76136.56387777116]","[687170.7768807657, 602165.0283177517, 528050.8094654809, 76136.56387777116]"
"[747751.5018721136, 620807.6978100135, 549010.4124141529, 74967.90615376069]","[792277.4346789235, 629633.7292611218, 549010.4124141529, 74967.90615376069]","[854408.3716372987, 680163.489105206, 549010.4124141529, 74967.90615376069]","[740651.7065721988, 633016.2669504839, 549010.4124141529, 74967.90615376069]","[769009.7721500826, 633316.1921553344, 549010.4124141529, 74967.90615376069]","[784141.7414127904, 622773.7741306719, 549010.4124141529, 74967.90615376069]","[827364.434782787, 646021.9308711273, 549010.4124141529, 74967.90615376069]","[763216.3087271616, 626842.3180116501, 549010.4124141529, 74967.90615376069]","[731659.3137551147, 629399.2796270425, 549010.4124141529, 74967.90615376069]","[858670.2808613286, 665145.1584257765, 549010.4124141529, 74967.90615376069]","[826263.1901782856, 668300.2514888853, 549010.4124141529, 74967.90615376069]","[796203.3066093302, 625623.0535815338, 549010.4124141529, 74967.90615376069]","[788922.9743632652, 626070.3077650918, 549010.4124141529, 74967.90615376069]","[845103.7790806915, 642052.8969795475, 549010.4124141529, 74967.90615376069]","[783237.2161701267, 640604.9525620224, 549010.4124141529, 74967.90615376069]","[764786.1333830036, 645948.6538899507, 549010.4124141529, 74967.90615376069]","[837163.1674970262, 682061.9162730917, 549010.4124141529, 74967.90615376069]","[770548.4518253535, 628139.5792863719, 549010.4124141529, 74967.90615376069]","[788051.4458165333, 650523.8307348114, 549010.4124141529, 74967.90615376069]","[833944.4865575498, 628263.6833292199, 549010.4124141529, 74967.90615376069]","[851535.117583738, 664714.8920254848, 549010.4124141529, 74967.90615376069]","[767859.3377033917, 640982.455421022, 549010.4124141529, 74967.90615376069]","[748624.580347851, 621608.4550169787, 549010.4124141529, 74967.90615376069]","[765645.8757184932, 662658.9928877925, 549010.4124141529, 74967.90615376069]","[840378.0014122991, 657470.0479895636, 549010.4124141529, 74967.90615376069]","[783408.3091478925, 631911.6094136414, 549010.4124141529, 74967.90615376069]","[742677.3544180839, 624846.0753768526, 549010.4124141529, 74967.90615376069]","[822395.620716043, 625124.4522041798, 549010.4124141529, 74967.90615376069]","[843722.030779823, 665441.1005918542, 549010.4124141529, 74967.90615376069]","[749624.1007929826, 622459.1603655015, 549010.4124141529, 74967.90615376069]","[827907.1986819297, 648372.2258579123, 549010.4124141529, 74967.90615376069]","[841817.8169722777, 639945.8054310065, 549010.4124141529, 74967.90615376069]","[763647.482721386, 617324.9205006214, 549010.4124141529, 74967.90615376069]","[794527.5554814477, 628438.3350301231, 549010.4124141529, 74967.90615376069]","[883898.1270700068, 659329.1956427896, 549010.4124141529, 74967.90615376069]","[851396.1396781773, 650259.4443528778, 549010.4124141529, 74967.90615376069]","[853506.3616293217, 646894.0035673539, 549010.4124141529, 74967.90615376069]","[798201.7927078607, 639145.356666665, 549010.4124141529, 74967.90615376069]","[746077.9908361543, 623195.2904123592, 549010.4124141529, 74967.90615376069]","[752979.5144153931, 613914.1882503562, 549010.4124141529, 74967.90615376069]","[760100.2893155747, 643843.9550028289, 549010.4124141529, 74967.90615376069]","[821094.043470073, 652203.0039283045, 549010.4124141529, 74967.90615376069]","[760662.6892162295, 623512.8035171495, 549010.4124141529, 74967.90615376069]","[791211.7137070202, 619879.873174116, 549010.4124141529, 74967.90615376069]","[782721.7751478339, 638324.6390518377, 549010.4124141529, 74967.90615376069]","[809635.5780689776, 647004.8442896821, 549010.4124141529, 74967.90615376069]","[835539.631732998, 662597.3283500455, 549010.4124141529, 74967.90615376069]","[867465.4919651296, 666083.5378633689, 549010.4124141529, 74967.90615376069]","[820497.1894773745, 664740.2229899205, 549010.4124141529, 74967.90615376069]","[722627.3783069955, 612820.6457327979, 549010.4124141529, 74967.90615376069]"
"[781524.7905869752, 611062.8187116561, 517640.55298485194, 71846.49532328772]","[770137.8895540907, 592597.6438569559, 517640.55298485194, 71846.49532328772]","[763614.7742978835, 601241.5700466693, 517640.55298485194, 71846.49532328772]","[707160.9363494606, 603417.8625200377, 517640.55298485194, 71846.49532328772]","[857439.5837496736, 624669.0494807495, 517640.55298485194, 71846.49532328772]","[839572.4698185226, 635901.4435717186, 517640.55298485194, 71846.49532328772]","[766670.995451602, 599053.0348387074, 517640.55298485194, 71846.49532328772]","[779605.4983834913, 633993.4401289831, 517640.55298485194, 71846.49532328772]","[785472.4075220398, 640016.5213243614, 517640.55298485194, 71846.49532328772]","[769942.5771997505, 608529.0198362225, 517640.55298485194, 71846.49532328772]","[751310.1539285057, 604172.1212135518, 517640.55298485194, 71846.49532328772]","[778718.5103012726, 621599.8416092236, 517640.55298485194, 71846.49532328772]","[869991.780216915, 676398.0814033934, 517640.55298485194, 71846.49532328772]","[796719.4773467836, 611717.4565654268, 517640.55298485194, 71846.49532328772]","[777600.2097598993, 622350.0203777553, 517640.55298485194, 71846.49532328772]","[786564.3431948919, 629502.015523229, 517640.55298485194, 71846.49532328772]","[703295.8984454941, 606539.629972605, 517640.55298485194, 71846.49532328772]","[760112.2544882423, 610043.7099675875, 517640.55298485194, 71846.49532328772]","[856138.5047171152, 631710.7578605158, 517640.55298485194, 71846.49532328772]","[718124.7608104284, 605728.6841807377, 517640.55298485194, 71846.49532328772]","[742424.2256462877, 590750.7446406168, 517640.55298485194, 71846.49532328772]","[720541.0274350938, 601967.467892304, 517640.55298485194, 71846.49532328772]","[805099.7548729585, 606946.3667184229, 517640.55298485194, 71846.49532328772]","[777168.7437833996, 632130.0944906235, 517640.55298485194, 71846.49532328772]","[796864.2302245602, 617780.9018159161, 517640.55298485194, 71846.49532328772]","[727982.1887011497, 614441.331538571, 517640.55298485194, 71846.49532328772]","[852194.2266304252, 654791.1591450551, 517640.55298485194, 71846.49532328772]","[831782.101613246, 650051.1245456333, 517640.55298485194, 71846.49532328772]","[728973.519596676, 588642.7069377889, 517640.55298485194, 71846.49532328772]","[744303.7138901224, 607578.9850337248, 517640.55298485194, 71846.49532328772]","[752563.405399356, 625146.9014258068, 517640.55298485194, 71846.49532328772]","[723927.0471050435, 607233.7813511095, 517640.55298485194, 71846.49532328772]","[906826.4164708039, 669167.7742881702, 517640.55298485194, 71846.49532328772]","[808396.7877120726, 650482.6234651525, 517640.55298485194, 71846.49532328772]","[749535.5500475827, 614159.3922199518, 517640.55298485194, 71846.49532328772]","[728609.3232660322, 596572.8343224014, 517640.55298485194, 71846.49532328772]","[739087.0197874221, 612606.0321275123, 517640.55298485194, 71846.49532328772]","[785125.7237811186, 605098.6205553253, 517640.55298485194, 71846.49532328772]","[723826.6121221893, 621553.0812332794, 517640.55298485194, 71846.49532328772]","[694835.9047032428, 592242.6496884852, 517640.55298485194, 71846.49532328772]","[716485.2880268717, 588483.4315656761, 517640.55298485194, 71846.49532328772]","[726511.7303009984, 601646.858439613, 517640.55298485194, 71846.49532328772]","[785540.0690270718, 609935.2391856905, 517640.55298485194, 71846.49532328772]","[762066.1486817992, 600375.1812556456, 517640.55298485194, 71846.49532328772]","[722123.908136874, 602597.4881372325, 517640.55298485194, 71846.49532328772]","[793541.4708514605, 640273.0595354331, 517640.55298485194, 71846.49532328772]","[821540.7184293917, 625941.6475772006, 517640.55298485194, 71846.49532328772]","[804846.8629121151, 629207.8775467916, 517640.55298485194, 71846.49532328772]","[805035.2855006618, 608586.6433767074, 517640.55298485194, 71846.49532328772]","[696388.9280146678, 595847.8864124119, 517640.55298485194, 71846.49532328772]"
"[681147.0409780003, 605158.696792562, 541383.8300983149, 74168.61756000646]","[749156.7602005149, 630560.8718280849, 541383.8300983149, 74168.61756000646]","[827220.8113929915, 666590.5659189494, 541383.8300983149, 74168.61756000646]","[712538.8710893329, 619358.9104071466, 541383.8300983149, 74168.61756000646]","[804443.0708062081, 638609.3543656002, 541383.8300983149, 74168.61756000646]","[747502.8494334982, 626519.9159306994, 541383.8300983149, 74168.61756000646]","[742740.2618311824, 623178.1516683436, 541383.8300983149, 74168.61756000646]","[735489.38430865, 622876.4435484742, 541383.8300983149, 74168.61756000646]","[765424.3326818176, 622207.9929031399, 541383.8300983149, 74168.61756000646]","[777945.674918748, 629648.3543795508, 541383.8300983149, 74168.61756000646]","[759029.0425667776, 635566.3708904394, 541383.8300983149, 74168.61756000646]","[758918.3420732887, 656377.1027966088, 541383.8300983149, 74168.61756000646]","[857454.5161995161, 691451.4649048579, 541383.8300983149, 74168.61756000646]","[845169.2289752443, 632514.8778705468, 541383.8300983149, 74168.61756000646]","[729959.5103592968, 633973.129788423, 541383.8300983149, 74168.61756000646]","[712651.7720065733, 619341.5759382828, 541383.8300983149, 74168.61756000646]","[702501.5728353744, 611326.9438617731, 541383.8300983149, 74168.61756000646]","[760525.0612125375, 636390.9747742111, 541383.8300983149, 74168.61756000646]","[872234.7559232616, 680415.0614197842, 541383.8300983149, 74168.61756000646]","[869593.0241781424, 680224.741453324, 541383.8300983149, 74168.61756000646]","[870182.1648805211, 651710.8686065357, 541383.8300983149, 74168.61756000646]","[797957.336570675, 649952.6762233523, 541383.8300983149, 74168.61756000646]","[692969.397193433, 619417.9068920516, 541383.8300983149, 74168.61756000646]","[837089.5406418901, 696876.4874555755, 541383.8300983149, 74168.61756000646]","[844951.6398703771, 661873.5564961442, 541383.8300983149, 74168.61756000646]","[914579.9295274123, 695596.3842879052, 541383.8300983149, 74168.61756000646]","[980323.7685734949, 762429.4733612064, 541383.8300983149, 74168.61756000646]","[857332.7597167814, 648247.0784466532, 541383.8300983149, 74168.61756000646]","[739677.2815647242, 629636.3034249195, 541383.8300983149, 74168.61756000646]","[739339.1956580081, 611785.5257693626, 541383.8300983149, 74168.61756000646]","[766367.9741447432, 624660.7021582064, 541383.8300983149, 74168.61756000646]","[701402.832305976, 611507.3557859214, 541383.8300983149, 74168.61756000646]","[961772.3962815149, 735620.3478147683, 541383.8300983149, 74168.61756000646]","[834687.7738959569, 686551.4801494799, 541383.8300983149, 74168.61756000646]","[817343.2504449938, 648936.5593369328, 541383.8300983149, 74168.61756000646]","[723792.1206820894, 611885.7958165499, 541383.8300983149, 74168.61756000646]","[753813.8855114409, 625414.2572630821, 541383.8300983149, 74168.61756000646]","[778331.862593319, 634970.7851178192, 541383.8300983149, 74168.61756000646]","[759891.2114243439, 616045.1537497666, 541383.8300983149, 74168.61756000646]","[710249.4889491366, 613123.1000166035, 541383.8300983149, 74168.61756000646]","[707078.1724545438, 613779.4388213768, 541383.8300983149, 74168.61756000646]","[847428.593477223, 660566.8368315917, 541383.8300983149, 74168.61756000646]","[793064.074726772, 623533.3745010818, 541383.8300983149, 74168.61756000646]","[769348.8794553484, 616702.0757256568, 541383.8300983149, 74168.61756000646]","[866469.6174222493, 689265.9308648173, 541383.8300983149, 74168.61756000646]","[915884.4303512145, 710847.0525981543, 541383.8300983149, 74168.61756000646]","[772954.7781206068, 644646.4420564689, 541383.8300983149, 74168.61756000646]","[836321.6074825271, 665851.5057171057, 541383.8300983149, 74168.61756000646]","[812431.3036625719, 634418.2703744508, 541383.8300983149, 74168.61756000646]","[794825.7202968316, 639025.9390642866, 541383.8300983149, 74168.61756000646]"
"[856790.9974639592, 712527.1212683865, 588642.7486348216, 78742.56069322654]","[886944.4119659251, 736418.8937515123, 588642.7486348216, 78742.56069322654]","[923426.5260773038, 725920.475464882, 588642.7486348216, 78742.56069322654]","[801720.4691080491, 683448.3357422097, 588642.7486348216, 78742.56069322654]","[888589.5770629492, 684485.1232417386, 588642.7486348216, 78742.56069322654]","[827255.2260882235, 692181.2179193702, 588642.7486348216, 78742.56069322654]","[890914.9585635185, 728440.7078141139, 588642.7486348216, 78742.56069322654]","[844330.6257532589, 678730.0089845193, 588642.7486348216, 78742.56069322654]","[815461.0147939806, 663812.8897618188, 588642.7486348216, 78742.56069322654]","[802905.4852556678, 662869.2173497835, 588642.7486348216, 78742.56069322654]","[806315.2189389118, 666856.465543829, 588642.7486348216, 78742.56069322654]","[766591.531928349, 674874.9833793279, 588642.7486348216, 78742.56069322654]","[929116.5884624218, 717891.9262634477, 588642.7486348216, 78742.56069322654]","[936712.0923061203, 734121.1041259104, 588642.7486348216, 78742.56069322654]","[823799.6755990289, 677917.3883549548, 588642.7486348216, 78742.56069322654]","[915881.1729380123, 780987.2176982829, 588642.7486348216, 78742.56069322654]","[994642.8208678848, 738728.5352057872, 588642.7486348216, 78742.56069322654]","[827383.7216174782, 714119.2013269075, 588642.7486348216, 78742.56069322654]","[887396.1472569245, 694405.4315672439, 588642.7486348216, 78742.56069322654]","[847428.2938180619, 700976.5967039627, 588642.7486348216, 78742.56069322654]","[828029.7909172452, 679428.3886554018, 588642.7486348216, 78742.56069322654]","[901015.98523748, 683246.2683023425, 588642.7486348216, 78742.56069322654]","[854937.8714933415, 672965.6475096351, 588642.7486348216, 78742.56069322654]","[843710.3321081022, 674622.1482532851, 588642.7486348216, 78742.56069322654]","[861877.5069791413, 699021.3744821917, 588642.7486348216, 78742.56069322654]","[769948.9492650053, 660265.0748170976, 588642.7486348216, 78742.56069322654]","[733964.6880779695, 661273.7470022104, 588642.7486348216, 78742.56069322654]","[808776.4106224524, 663591.3491862403, 588642.7486348216, 78742.56069322654]","[766492.2485665737, 664137.3427750756, 588642.7486348216, 78742.56069322654]","[970196.8980294064, 762972.4507718087, 588642.7486348216, 78742.56069322654]","[846431.584031658, 672633.3541137029, 588642.7486348216, 78742.56069322654]","[933917.0424740561, 754104.4163344626, 588642.7486348216, 78742.56069322654]","[880841.7308021417, 688307.8140466766, 588642.7486348216, 78742.56069322654]","[886368.6876381754, 706780.8566053993, 588642.7486348216, 78742.56069322654]","[842503.4052626455, 698754.6427194162, 588642.7486348216, 78742.56069322654]","[768482.8864937295, 654705.6279227992, 588642.7486348216, 78742.56069322654]","[837012.365941961, 664587.531840416, 588642.7486348216, 78742.56069322654]","[891475.6407485022, 728394.0683975158, 588642.7486348216, 78742.56069322654]","[829679.1786064449, 673709.9459099171, 588642.7486348216, 78742.56069322654]","[850273.4405712814, 697001.3529888785, 588642.7486348216, 78742.56069322654]","[865899.9061395235, 671254.8407970393, 588642.7486348216, 78742.56069322654]","[913966.6488954646, 671123.8918611394, 588642.7486348216, 78742.56069322654]","[804031.9370892497, 682892.2954961376, 588642.7486348216, 78742.56069322654]","[947393.5986270284, 737246.5009036885, 588642.7486348216, 78742.56069322654]","[834976.681942643, 679695.73286561, 588642.7486348216, 78742.56069322654]","[932501.0250478464, 744358.5558899568, 588642.7486348216, 78742.56069322654]","[805178.8636185764, 664185.5395977092, 588642.7486348216, 78742.56069322654]","[865383.5947449192, 710723.0722618225, 588642.7486348216, 78742.56069322654]","[829666.872472019, 689501.7295070548, 588642.7486348216, 78742.56069322654]","[868925.445738843, 701114.6074886951, 588642.7486348216, 78742.56069322654]"
"[887827.7037053673, 690775.7832177146, 570188.8669485106, 77262.63197696039]","[824651.6561022847, 645842.9030637621, 570188.8669485106, 77262.63197696039]","[891839.6331963623, 722708.7965732361, 570188.8669485106, 77262.63197696039]","[707288.5757385452, 645042.1427053642, 570188.8669485106, 77262.63197696039]","[828437.1705296207, 689381.7966538145, 570188.8669485106, 77262.63197696039]","[822323.1188055868, 660946.7696185741, 570188.8669485106, 77262.63197696039]","[845060.1765286983, 661432.1048299932, 570188.8669485106, 77262.63197696039]","[841824.3227395276, 687219.2363085193, 570188.8669485106, 77262.63197696039]","[807879.7573947354, 691125.2314215606, 570188.8669485106, 77262.63197696039]","[775798.0763853954, 671200.0093570565, 570188.8669485106, 77262.63197696039]","[901438.4491246607, 696239.9256177838, 570188.8669485106, 77262.63197696039]","[779977.3921684142, 658973.7015022303, 570188.8669485106, 77262.63197696039]","[877231.1727882444, 717266.6330207346, 570188.8669485106, 77262.63197696039]","[851575.0176522271, 706425.6210042803, 570188.8669485106, 77262.63197696039]","[899892.1169941425, 707059.7001371024, 570188.8669485106, 77262.63197696039]","[927722.4040569419, 734540.0136161785, 570188.8669485106, 77262.63197696039]","[992546.6712606302, 723122.9971898845, 570188.8669485106, 77262.63197696039]","[847037.226181331, 666258.8626812676, 570188.8669485106, 77262.63197696039]","[896317.2268248947, 681553.4919379231, 570188.8669485106, 77262.63197696039]","[863669.7697092092, 657240.6363287903, 570188.8669485106, 77262.63197696039]","[758913.072642179, 642909.7122457416, 570188.8669485106, 77262.63197696039]","[758611.5479034121, 645536.6683723098, 570188.8669485106, 77262.63197696039]","[764749.5638283043, 641973.4839620088, 570188.8669485106, 77262.63197696039]","[857075.4901108872, 666945.4171796099, 570188.8669485106, 77262.63197696039]","[794507.0142006553, 649033.3184848349, 570188.8669485106, 77262.63197696039]","[800968.376437349, 643852.1685896062, 570188.8669485106, 77262.63197696039]","[996923.6180284446, 778952.446468917, 570188.8669485106, 77262.63197696039]","[798481.4431316425, 646248.4580707762, 570188.8669485106, 77262.63197696039]","[779541.7233863598, 654630.1377291661, 570188.8669485106, 77262.63197696039]","[843085.7730676698, 664725.6193809905, 570188.8669485106, 77262.63197696039]","[747770.9473218669, 659366.398379225, 570188.8669485106, 77262.63197696039]","[826679.7153039094, 681956.9653597742, 570188.8669485106, 77262.63197696039]","[861171.2323359018, 650986.8642327534, 570188.8669485106, 77262.63197696039]","[760099.1261411827, 644397.2094331408, 570188.8669485106, 77262.63197696039]","[839081.7689264044, 669792.3792753179, 570188.8669485106, 77262.63197696039]","[739629.6710313488, 639555.5755642215, 570188.8669485106, 77262.63197696039]","[918914.5909355872, 734916.608302591, 570188.8669485106, 77262.63197696039]","[850061.723706425, 721026.0282591237, 570188.8669485106, 77262.63197696039]","[839062.7671699728, 677279.6437735448, 570188.8669485106, 77262.63197696039]","[805200.9491805824, 671057.5086220552, 570188.8669485106, 77262.63197696039]","[798743.143076111, 663561.1336290808, 570188.8669485106, 77262.63197696039]","[777421.4985222014, 649103.841162054, 570188.8669485106, 77262.63197696039]","[869685.6088376692, 663626.9460597711, 570188.8669485106, 77262.63197696039]","[901286.3166568226, 725361.0052084097, 570188.8669485106, 77262.63197696039]","[738682.1669892264, 643961.2695741532, 570188.8669485106, 77262.63197696039]","[964895.0977659002, 763315.7812273161, 570188.8669485106, 77262.63197696039]","[844179.2288491892, 650478.5754987763, 570188.8669485106, 77262.63197696039]","[786738.8348269811, 651243.9153174683, 570188.8669485106, 77262.63197696039]","[836716.9308947694, 679027.9370776518, 570188.8669485106, 77262.63197696039]","[925900.5894788096, 749089.7400247478, 570188.8669485106, 77262.63197696039]"
"[697196.7994976216, 589818.3797913482, 497280.81405784044, 71212.55322754566]","[672955.3491080932, 562396.0739613877, 497280.81405784044, 71212.55322754566]","[701219.6696537837, 569343.0984029156, 497280.81405784044, 71212.55322754566]","[660582.6684541133, 573403.2562126837, 497280.81405784044, 71212.55322754566]","[719952.8499102916, 576909.3319060811, 497280.81405784044, 71212.55322754566]","[675681.8439491345, 580863.9007509766, 497280.81405784044, 71212.55322754566]","[756920.3129480663, 604301.7495994535, 497280.81405784044, 71212.55322754566]","[751699.8913907718, 591972.4726494858, 497280.81405784044, 71212.55322754566]","[688335.4772736104, 579245.2456412122, 497280.81405784044, 71212.55322754566]","[673064.1019806273, 565544.6228496768, 497280.81405784044, 71212.55322754566]","[756318.722556271, 636494.1023296389, 497280.81405784044, 71212.55322754566]","[734037.8912446924, 598838.0515616648, 497280.81405784044, 71212.55322754566]","[769261.2180644998, 580712.5301524047, 497280.81405784044, 71212.55322754566]","[734385.7262208262, 608162.4921165727, 497280.81405784044, 71212.55322754566]","[672354.3175570054, 569432.5600434287, 497280.81405784044, 71212.55322754566]","[712183.7568372848, 559588.6042808158, 497280.81405784044, 71212.55322754566]","[783297.9526551916, 579429.8676509258, 497280.81405784044, 71212.55322754566]","[686064.1114874159, 575789.6208910954, 497280.81405784044, 71212.55322754566]","[716733.3422651195, 592807.0311831292, 497280.81405784044, 71212.55322754566]","[717802.4622681224, 575804.1953361741, 497280.81405784044, 71212.55322754566]","[872999.4048562121, 646929.1690640523, 497280.81405784044, 71212.55322754566]","[840217.1533237924, 659011.3716794943, 497280.81405784044, 71212.55322754566]","[795128.2996230817, 652165.1126552017, 497280.81405784044, 71212.55322754566]","[757284.0163629208, 599872.7683102948, 497280.81405784044, 71212.55322754566]","[695229.1368063685, 578128.600665868, 497280.81405784044, 71212.55322754566]","[679881.5005858229, 568039.6249429713, 497280.81405784044, 71212.55322754566]","[847260.9359475962, 646239.6560639889, 497280.81405784044, 71212.55322754566]","[689899.6748618116, 581891.1163883054, 497280.81405784044, 71212.55322754566]","[712040.6035854091, 580940.4588871789, 497280.81405784044, 71212.55322754566]","[746066.7563476416, 590322.8396435025, 497280.81405784044, 71212.55322754566]","[664674.1540425858, 569573.5524399072, 497280.81405784044, 71212.55322754566]","[692571.5481452543, 581638.150621457, 497280.81405784044, 71212.55322754566]","[664483.878300069, 568569.6674844421, 497280.81405784044, 71212.55322754566]","[664366.5012056102, 573235.4844595018, 497280.81405784044, 71212.55322754566]","[715810.2614324761, 572503.7563966044, 497280.81405784044, 71212.55322754566]","[787811.0123725999, 624060.2562857827, 497280.81405784044, 71212.55322754566]","[816822.8904885715, 617108.26819779, 497280.81405784044, 71212.55322754566]","[757667.556854224, 590242.7914010157, 497280.81405784044, 71212.55322754566]","[747941.2780383051, 575377.2743721029, 497280.81405784044, 71212.55322754566]","[708225.691865064, 566140.9877400125, 497280.81405784044, 71212.55322754566]","[813451.7135101849, 639965.3280962661, 497280.81405784044, 71212.55322754566]","[665600.3352242074, 575554.0497880206, 497280.81405784044, 71212.55322754566]","[762689.0086987757, 601178.07819277, 497280.81405784044, 71212.55322754566]","[693475.190716528, 567056.7470155414, 497280.81405784044, 71212.55322754566]","[757108.3741232656, 649733.7121649298, 497280.81405784044, 71212.55322754566]","[734296.2307730142, 595202.2324408995, 497280.81405784044, 71212.55322754566]","[741302.7383160634, 614128.8021725705, 497280.81405784044, 71212.55322754566]","[706422.7265815338, 567339.3400285052, 497280.81405784044, 71212.55322754566]","[774684.9717443702, 620310.132350131, 497280.81405784044, 71212.55322754566]","[719683.5948241411, 580074.0310603827, 497280.81405784044, 71212.55322754566]"
"[844263.3475328626, 713665.6860824209, 601081.1848797536, 80488.69581086913]","[925835.672757913, 714329.193151086, 601081.1848797536, 80488.69581086913]","[852726.8468768803, 709370.1578147917, 601081.1848797536, 80488.69581086913]","[835959.8702486965, 687240.3901846363, 601081.1848797536, 80488.69581086913]","[887464.8908609153, 699715.9728116443, 601081.1848797536, 80488.69581086913]","[905253.8496994488, 693874.4141655545, 601081.1848797536, 80488.69581086913]","[829271.7235770798, 693569.4986150544, 601081.1848797536, 80488.69581086913]","[820310.5466193644, 685498.0056139665, 601081.1848797536, 80488.69581086913]","[901096.822199124, 741289.467667431, 601081.1848797536, 80488.69581086913]","[858599.805300961, 699345.431780261, 601081.1848797536, 80488.69581086913]","[931257.1908259495, 784771.6323662567, 601081.1848797536, 80488.69581086913]","[757375.6461395924, 673487.8821146627, 601081.1848797536, 80488.69581086913]","[1129647.4380077322, 822292.9567155128, 601081.1848797536, 80488.69581086913]","[946192.0716124625, 742099.7524694589, 601081.1848797536, 80488.69581086913]","[832027.4754482084, 682112.1971551928, 601081.1848797536, 80488.69581086913]","[809045.1240570113, 686511.3115903746, 601081.1848797536, 80488.69581086913]","[818965.0430873403, 697615.5570415137, 601081.1848797536, 80488.69581086913]","[823784.0969640214, 690453.4400515398, 601081.1848797536, 80488.69581086913]","[902905.9928174942, 696252.069516694, 601081.1848797536, 80488.69581086913]","[832442.0734236389, 690187.3597146196, 601081.1848797536, 80488.69581086913]","[833714.0345742862, 687154.2372808446, 601081.1848797536, 80488.69581086913]","[923561.7483754874, 727035.9689573427, 601081.1848797536, 80488.69581086913]","[799971.7160949702, 673090.8611780367, 601081.1848797536, 80488.69581086913]","[903548.8862901841, 718508.4268344571, 601081.1848797536, 80488.69581086913]","[847038.7437243039, 693288.1551665993, 601081.1848797536, 80488.69581086913]","[769765.4621800977, 675865.975247582, 601081.1848797536, 80488.69581086913]","[937670.3708602083, 768578.7702126787, 601081.1848797536, 80488.69581086913]","[826666.1663586638, 681961.8619482624, 601081.1848797536, 80488.69581086913]","[922691.6728994129, 723407.2102534418, 601081.1848797536, 80488.69581086913]","[854364.4627153107, 704043.4281139981, 601081.1848797536, 80488.69581086913]","[865586.4889924026, 711538.0557255519, 601081.1848797536, 80488.69581086913]","[939471.4519577998, 713256.7874738154, 601081.1848797536, 80488.69581086913]","[889215.0333053946, 689463.6713728663, 601081.1848797536, 80488.69581086913]","[839820.6707812028, 723949.3013450361, 601081.1848797536, 80488.69581086913]","[822497.178534727, 684539.3191962903, 601081.1848797536, 80488.69581086913]","[871286.6708535334, 697792.3543704745, 601081.1848797536, 80488.69581086913]","[862959.7627786706, 680178.4925983466, 601081.1848797536, 80488.69581086913]","[825615.6026132405, 702629.8032166017, 601081.1848797536, 80488.69581086913]","[1019804.3844888735, 768760.4274287864, 601081.1848797536, 80488.69581086913]","[985961.9878247466, 732117.7962638714, 601081.1848797536, 80488.69581086913]","[861318.2309964153, 711306.0740824583, 601081.1848797536, 80488.69581086913]","[839124.254037579, 696285.2004839368, 601081.1848797536, 80488.69581086913]","[979612.7875851006, 732705.054751152, 601081.1848797536, 80488.69581086913]","[962572.7992002526, 752399.2525352063, 601081.1848797536, 80488.69581086913]","[830656.1444848557, 687221.3822353741, 601081.1848797536, 80488.69581086913]","[910294.672617322, 708373.4064240746, 601081.1848797536, 80488.69581086913]","[802495.5261108227, 697114.0071358246, 601081.1848797536, 80488.69581086913]","[880378.003287488, 711352.4525801484, 601081.1848797536, 80488.69581086913]","[857361.353408835, 712955.0765108779, 601081.1848797536, 80488.69581086913]","[880806.0537733489, 723009.9582132163, 601081.1848797536, 80488.69581086913]"
"[767577.2934130253, 649669.7257621227, 513882.76363442023, 69802.12213559188]","[727484.6895007272, 584071.8635798133, 513882.76363442023, 69802.12213559188]","[723359.0877332346, 586969.9843935762, 513882.76363442023, 69802.12213559188]","[662262.5799937536, 576292.8837827328, 513882.76363442023, 69802.12213559188]","[690361.7092744112, 586303.8857091432, 513882.76363442023, 69802.12213559188]","[804410.3171119312, 610046.4006208972, 513882.76363442023, 69802.12213559188]","[737550.5421643278, 589171.1065390434, 513882.76363442023, 69802.12213559188]","[789551.7956127485, 598062.0056011879, 513882.76363442023, 69802.12213559188]","[761582.4854623714, 587906.9148901296, 513882.76363442023, 69802.12213559188]","[735467.2518932561, 589962.798789974, 513882.76363442023, 69802.12213559188]","[749705.5713275666, 599766.639413834, 513882.76363442023, 69802.12213559188]","[714716.5781362567, 591267.8864330421, 513882.76363442023, 69802.12213559188]","[809545.2018840092, 617683.3858859901, 513882.76363442023, 69802.12213559188]","[800695.8181018982, 599793.7205454179, 513882.76363442023, 69802.12213559188]","[715865.5921658587, 581988.4811718705, 513882.76363442023, 69802.12213559188]","[786291.8470873975, 585595.5970061704, 513882.76363442023, 69802.12213559188]","[789853.9739447274, 633468.116820912, 513882.76363442023, 69802.12213559188]","[746381.6626915806, 603488.0264331079, 513882.76363442023, 69802.12213559188]","[737280.8770522362, 583980.7232948955, 513882.76363442023, 69802.12213559188]","[761740.705468868, 596373.7459726406, 513882.76363442023, 69802.12213559188]","[744499.559580494, 618743.1903690543, 513882.76363442023, 69802.12213559188]","[762543.0963516623, 612410.9961215364, 513882.76363442023, 69802.12213559188]","[758704.7334355434, 599807.9131321601, 513882.76363442023, 69802.12213559188]","[766471.2278551883, 594431.2772860036, 513882.76363442023, 69802.12213559188]","[725966.8617316876, 610989.2377546799, 513882.76363442023, 69802.12213559188]","[804842.4413468449, 589684.05442823, 513882.76363442023, 69802.12213559188]","[727596.7702595321, 595117.8796570095, 513882.76363442023, 69802.12213559188]","[776361.7228840364, 609312.0635119195, 513882.76363442023, 69802.12213559188]","[772093.1517955428, 604646.3829279491, 513882.76363442023, 69802.12213559188]","[756289.9564434452, 626192.0514480488, 513882.76363442023, 69802.12213559188]","[766491.3099068527, 627473.150372681, 513882.76363442023, 69802.12213559188]","[707189.2536657534, 592747.6837905485, 513882.76363442023, 69802.12213559188]","[682009.748793095, 580316.5310957214, 513882.76363442023, 69802.12213559188]","[780676.7333803588, 602360.8856634048, 513882.76363442023, 69802.12213559188]","[851594.7180433379, 618582.2146857944, 513882.76363442023, 69802.12213559188]","[850624.0504624852, 652180.537125271, 513882.76363442023, 69802.12213559188]","[720284.5203229411, 578907.4449271525, 513882.76363442023, 69802.12213559188]","[730258.5961471507, 617974.9227143142, 513882.76363442023, 69802.12213559188]","[774226.0522086095, 597871.2404393035, 513882.76363442023, 69802.12213559188]","[758809.4841544093, 605105.6519995261, 513882.76363442023, 69802.12213559188]","[697428.8089605579, 580774.8447883918, 513882.76363442023, 69802.12213559188]","[689562.0108069669, 580175.8752869348, 513882.76363442023, 69802.12213559188]","[687240.2645962845, 583016.4718551256, 513882.76363442023, 69802.12213559188]","[730473.4063570192, 578149.9838984277, 513882.76363442023, 69802.12213559188]","[759018.8997978123, 608156.9010538248, 513882.76363442023, 69802.12213559188]","[761128.4832965825, 594849.3298077082, 513882.76363442023, 69802.12213559188]","[798339.5528101617, 585805.8915743772, 513882.76363442023, 69802.12213559188]","[714981.5407541727, 578251.702500816, 513882.76363442023, 69802.12213559188]","[681066.6123705175, 577304.2544885328, 513882.76363442023, 69802.12213559188]","[783725.1104092018, 616316.377158703, 513882.76363442023, 69802.12213559188]"
"[779877.6544539436, 662402.372322631, 573824.282410904, 78378.83932778196]","[926230.1962559753, 713705.0532251603, 573824.282410904, 78378.83932778196]","[782592.8940644868, 662047.9618623864, 573824.282410904, 78378.83932778196]","[825622.600812427, 667684.9148403965, 573824.282410904, 78378.83932778196]","[903569.7653918462, 679247.5423466243, 573824.282410904, 78378.83932778196]","[769716.6965883736, 656579.4688988933, 573824.282410904, 78378.83932778196]","[841347.9775532928, 665560.473804957, 573824.282410904, 78378.83932778196]","[912358.5526881707, 685094.8709329013, 573824.282410904, 78378.83932778196]","[794726.1648999465, 675567.5645326205, 573824.282410904, 78378.83932778196]","[801754.0619483248, 655341.2109461818, 573824.282410904, 78378.83932778196]","[877135.3087388005, 701969.1650589978, 573824.282410904, 78378.83932778196]","[944498.0983880259, 677618.5309851102, 573824.282410904, 78378.83932778196]","[867964.3943089505, 689833.756433699, 573824.282410904, 78378.83932778196]","[818539.4984049405, 695212.4205724223, 573824.282410904, 78378.83932778196]","[818615.1606058967, 660378.0054075633, 573824.282410904, 78378.83932778196]","[862012.0156383737, 668696.474319121, 573824.282410904, 78378.83932778196]","[856765.2144412221, 660993.6653951078, 573824.282410904, 78378.83932778196]","[780854.2767635066, 643251.636294322, 573824.282410904, 78378.83932778196]","[832090.6168097771, 665570.6852120499, 573824.282410904, 78378.83932778196]","[861052.3620377737, 677873.7933921205, 573824.282410904, 78378.83932778196]","[800569.4708621533, 654524.8641870824, 573824.282410904, 78378.83932778196]","[768986.2343204287, 658250.0084236966, 573824.282410904, 78378.83932778196]","[857323.9891285243, 682543.7856185611, 573824.282410904, 78378.83932778196]","[839086.288844246, 660478.605387603, 573824.282410904, 78378.83932778196]","[973547.7802272422, 733893.6148647884, 573824.282410904, 78378.83932778196]","[820627.2975721252, 666418.6187835907, 573824.282410904, 78378.83932778196]","[875048.0937366512, 669278.1753546256, 573824.282410904, 78378.83932778196]","[821429.6133313243, 661606.6091794247, 573824.282410904, 78378.83932778196]","[794998.3366956081, 655266.6002438755, 573824.282410904, 78378.83932778196]","[953769.1756926206, 729597.4650305021, 573824.282410904, 78378.83932778196]","[818906.2160708411, 657156.2092970852, 573824.282410904, 78378.83932778196]","[775177.8493355842, 656398.961258963, 573824.282410904, 78378.83932778196]","[821071.9663603021, 693118.4140702517, 573824.282410904, 78378.83932778196]","[772274.9087671329, 651954.6562246996, 573824.282410904, 78378.83932778196]","[944406.5056004177, 726261.7149066329, 573824.282410904, 78378.83932778196]","[838268.9318202506, 654757.312875457, 573824.282410904, 78378.83932778196]","[827545.4268595116, 670961.0706623165, 573824.282410904, 78378.83932778196]","[950766.420804491, 721094.7608893911, 573824.282410904, 78378.83932778196]","[975837.5282136304, 692725.2865272003, 573824.282410904, 78378.83932778196]","[927880.6056725507, 698775.5185308919, 573824.282410904, 78378.83932778196]","[844477.5441708532, 653613.4659221806, 573824.282410904, 78378.83932778196]","[816365.7808544479, 677691.1567586544, 573824.282410904, 78378.83932778196]","[804815.0557817958, 648131.3744581202, 573824.282410904, 78378.83932778196]","[897376.2194925429, 702406.4044777466, 573824.282410904, 78378.83932778196]","[843106.2678613081, 665426.4932134801, 573824.282410904, 78378.83932778196]","[779085.5952158064, 649407.7332401301, 573824.282410904, 78378.83932778196]","[791723.298879708, 660650.0678814427, 573824.282410904, 78378.83932778196]","[813444.3055340919, 657885.3787088044, 573824.282410904, 78378.83932778196]","[958656.19529848, 759688.8673744384, 573824.282410904, 78378.83932778196]","[876662.0292878295, 734035.0617160924, 573824.282410904, 78378.83932778196]"
"[852863.5237806335, 668671.5991614289, 550233.2510919932, 74159.48084491493]","[852828.8358797849, 646099.6638231586, 550233.2510919932, 74159.48084491493]","[821520.2092106267, 650226.05411143, 550233.2510919932, 74159.48084491493]","[870613.7255108497, 679303.6922162556, 550233.2510919932, 74159.48084491493]","[800131.3735799679, 638200.4039294504, 550233.2510919932, 74159.48084491493]","[729744.9742232846, 617043.9762295773, 550233.2510919932, 74159.48084491493]","[818708.9924725113, 636639.169104339, 550233.2510919932, 74159.48084491493]","[797432.8291429084, 662124.8374279975, 550233.2510919932, 74159.48084491493]","[777082.295455208, 631195.6651464595, 550233.2510919932, 74159.48084491493]","[817217.3757610793, 659633.0401073606, 550233.2510919932, 74159.48084491493]","[837147.4033010424, 666182.8328409945, 550233.2510919932, 74159.48084491493]","[790670.7825049501, 650794.3883883411, 550233.2510919932, 74159.48084491493]","[702075.9784380378, 617143.0292816855, 550233.2510919932, 74159.48084491493]","[808135.2988622807, 647551.6820008843, 550233.2510919932, 74159.48084491493]","[743701.6446505318, 644495.4647343556, 550233.2510919932, 74159.48084491493]","[920830.9625528733, 686366.366462488, 550233.2510919932, 74159.48084491493]","[790225.3663943869, 647729.4625614093, 550233.2510919932, 74159.48084491493]","[841584.9927443003, 648569.8680443469, 550233.2510919932, 74159.48084491493]","[821115.6572816563, 663424.1017802876, 550233.2510919932, 74159.48084491493]","[756003.6897173467, 626178.0694678917, 550233.2510919932, 74159.48084491493]","[735593.7867386345, 623230.3323066488, 550233.2510919932, 74159.48084491493]","[758522.8452977582, 635188.1494095053, 550233.2510919932, 74159.48084491493]","[778427.581422603, 642628.7539502757, 550233.2510919932, 74159.48084491493]","[761093.2687886438, 634402.4832297255, 550233.2510919932, 74159.48084491493]","[713346.2644808447, 625935.5721143533, 550233.2510919932, 74159.48084491493]","[894335.5169829738, 669506.8906563387, 550233.2510919932, 74159.48084491493]","[714379.7279520591, 618157.7559041665, 550233.2510919932, 74159.48084491493]","[812866.2505247359, 656919.6363455552, 550233.2510919932, 74159.48084491493]","[853634.7556297054, 672202.440862747, 550233.2510919932, 74159.48084491493]","[754523.6203607529, 631016.2708412076, 550233.2510919932, 74159.48084491493]","[760023.6220626831, 628869.3843156521, 550233.2510919932, 74159.48084491493]","[750797.2243526735, 630326.991570896, 550233.2510919932, 74159.48084491493]","[765623.0678189337, 631684.3651518087, 550233.2510919932, 74159.48084491493]","[962593.0665799333, 693835.127148124, 550233.2510919932, 74159.48084491493]","[820644.3262661719, 646669.9345313729, 550233.2510919932, 74159.48084491493]","[784572.9852381258, 640122.534775358, 550233.2510919932, 74159.48084491493]","[738850.0456333723, 624007.1175973245, 550233.2510919932, 74159.48084491493]","[921237.2749302818, 709173.0200341608, 550233.2510919932, 74159.48084491493]","[738981.250291715, 624277.3159969532, 550233.2510919932, 74159.48084491493]","[793626.407071146, 648416.0115456117, 550233.2510919932, 74159.48084491493]","[774620.1983362586, 619731.89082281, 550233.2510919932, 74159.48084491493]","[836768.2319525245, 647165.5796948172, 550233.2510919932, 74159.48084491493]","[776919.1441527001, 637623.254455904, 550233.2510919932, 74159.48084491493]","[788738.1312724138, 630570.0352855803, 550233.2510919932, 74159.48084491493]","[938985.8752051619, 733479.2315989587, 550233.2510919932, 74159.48084491493]","[914226.9934264313, 720708.4968306825, 550233.2510919932, 74159.48084491493]","[794149.8536904579, 632303.303992667, 550233.2510919932, 74159.48084491493]","[862282.6082734462, 647994.9650014061, 550233.2510919932, 74159.48084491493]","[854651.7792428539, 664607.7098772994, 550233.2510919932, 74159.48084491493]","[901853.0232892627, 693508.674445791, 550233.2510919932, 74159.48084491493]"
"[764883.6623941128, 664585.456761091, 597101.3121198487, 80993.19639267142]","[842213.9941197312, 683984.6864435025, 597101.3121198487, 80993.19639267142]","[936068.3207743046, 747904.9181329968, 597101.3121198487, 80993.19639267142]","[804611.9443949282, 674463.5081695027, 597101.3121198487, 80993.19639267142]","[984958.3762048957, 784875.350812891, 597101.3121198487, 80993.19639267142]","[892473.330226698, 707527.5964297104, 597101.3121198487, 80993.19639267142]","[804631.8473158922, 679936.521234805, 597101.3121198487, 80993.19639267142]","[890954.8230436419, 688577.3606589469, 597101.3121198487, 80993.19639267142]","[921026.7615402744, 741747.5111525959, 597101.3121198487, 80993.19639267142]","[847861.2259364203, 695499.8542439287, 597101.3121198487, 80993.19639267142]","[858345.5856154849, 727252.488500049, 597101.3121198487, 80993.19639267142]","[772152.2298726115, 671936.6486700127, 597101.3121198487, 80993.19639267142]","[990268.8744607209, 775540.4246941089, 597101.3121198487, 80993.19639267142]","[999930.2890063364, 699593.9623708115, 597101.3121198487, 80993.19639267142]","[891147.5385284516, 722620.7284729353, 597101.3121198487, 80993.19639267142]","[887843.5409507031, 681202.6614446837, 597101.3121198487, 80993.19639267142]","[1009926.7801091269, 750528.4027368382, 597101.3121198487, 80993.19639267142]","[899927.5744309598, 707892.4971346977, 597101.3121198487, 80993.19639267142]","[916348.1559617191, 745650.7033959163, 597101.3121198487, 80993.19639267142]","[907918.0826897258, 703469.8300848876, 597101.3121198487, 80993.19639267142]","[912192.6283583113, 755993.3007330914, 597101.3121198487, 80993.19639267142]","[914028.2435815316, 698436.4711716294, 597101.3121198487, 80993.19639267142]","[832911.4142098759, 691472.3248509617, 597101.3121198487, 80993.19639267142]","[868492.2794433312, 691099.3987791962, 597101.3121198487, 80993.19639267142]","[958672.4686590125, 783942.4480728979, 597101.3121198487, 80993.19639267142]","[823405.8437669001, 674359.6214427487, 597101.3121198487, 80993.19639267142]","[777595.2859919388, 674180.2701881285, 597101.3121198487, 80993.19639267142]","[795933.1067068194, 676379.787394159, 597101.3121198487, 80993.19639267142]","[892512.6154873803, 735056.7607672088, 597101.3121198487, 80993.19639267142]","[824510.2247389313, 700915.4866544525, 597101.3121198487, 80993.19639267142]","[985244.4740548917, 776627.655902374, 597101.3121198487, 80993.19639267142]","[827235.6657104047, 692330.4285568545, 597101.3121198487, 80993.19639267142]","[894710.9504614391, 711285.2965060628, 597101.3121198487, 80993.19639267142]","[881423.843832427, 712464.7228724537, 597101.3121198487, 80993.19639267142]","[761208.7087228943, 671271.4012015903, 597101.3121198487, 80993.19639267142]","[865048.6240407238, 683301.2246984991, 597101.3121198487, 80993.19639267142]","[867022.0234096873, 717937.8638635572, 597101.3121198487, 80993.19639267142]","[888422.774188429, 689911.3847529883, 597101.3121198487, 80993.19639267142]","[970791.3482871157, 774608.2495161562, 597101.3121198487, 80993.19639267142]","[890041.1884088193, 698221.9115615748, 597101.3121198487, 80993.19639267142]","[747905.015621703, 675127.1485285728, 597101.3121198487, 80993.19639267142]","[914264.5646258643, 726365.958884415, 597101.3121198487, 80993.19639267142]","[952412.7827524268, 744528.1114373291, 597101.3121198487, 80993.19639267142]","[984915.9748364026, 809677.4377930777, 597101.3121198487, 80993.19639267142]","[891711.6557323618, 696767.8467835241, 597101.3121198487, 80993.19639267142]","[871210.2709594809, 715535.942200615, 597101.3121198487, 80993.19639267142]","[849052.5595010523, 684842.7394321937, 597101.3121198487, 80993.19639267142]","[1023896.2407783276, 774261.0614161369, 597101.3121198487, 80993.19639267142]","[1002155.0205017915, 717304.72959992, 597101.3121198487, 80993.19639267142]","[775169.1326719344, 676870.4877760091, 597101.3121198487, 80993.19639267142]"
"[750750.0382427829, 624646.7836106429, 499965.04081500083, 70308.73328585301]","[666903.0990758614, 576925.3286374616, 499965.04081500083, 70308.73328585301]","[795065.1911340925, 594212.4167477816, 499965.04081500083, 70308.73328585301]","[679992.7010809423, 575595.1402421854, 499965.04081500083, 70308.73328585301]","[805524.9835223167, 632763.3013655193, 499965.04081500083, 70308.73328585301]","[707995.479041721, 582627.8267299823, 499965.04081500083, 70308.73328585301]","[807539.8074141423, 608190.9067658242, 499965.04081500083, 70308.73328585301]","[708536.2686171494, 595346.3633530231, 499965.04081500083, 70308.73328585301]","[735123.5070730583, 582336.5257164037, 499965.04081500083, 70308.73328585301]","[693609.6028119461, 574900.0356256184, 499965.04081500083, 70308.73328585301]","[704924.3868512274, 575216.1135589717, 499965.04081500083, 70308.73328585301]","[716142.8519549819, 570558.8399681498, 499965.04081500083, 70308.73328585301]","[724452.0693332033, 583697.6683652912, 499965.04081500083, 70308.73328585301]","[792031.9211723505, 629015.6594349381, 499965.04081500083, 70308.73328585301]","[739318.4263329176, 587789.744420854, 499965.04081500083, 70308.73328585301]","[708652.8722758613, 572324.4133402783, 499965.04081500083, 70308.73328585301]","[656830.6438538753, 571753.1263926493, 499965.04081500083, 70308.73328585301]","[733744.6687931926, 568747.1448911746, 499965.04081500083, 70308.73328585301]","[729528.0201975113, 572511.9126703816, 499965.04081500083, 70308.73328585301]","[664173.6867373545, 564962.2627192766, 499965.04081500083, 70308.73328585301]","[773291.5883063969, 601628.6946333555, 499965.04081500083, 70308.73328585301]","[715659.3785078905, 585964.3085075518, 499965.04081500083, 70308.73328585301]","[710152.2588461898, 576715.7017567611, 499965.04081500083, 70308.73328585301]","[703837.1492930411, 588588.0193736415, 499965.04081500083, 70308.73328585301]","[788739.7194461935, 619056.9396387108, 499965.04081500083, 70308.73328585301]","[706301.3926960969, 586170.6361753651, 499965.04081500083, 70308.73328585301]","[708996.5691988226, 570933.604096783, 499965.04081500083, 70308.73328585301]","[712492.4201809694, 586946.2210780265, 499965.04081500083, 70308.73328585301]","[687173.9958313201, 571948.9390069143, 499965.04081500083, 70308.73328585301]","[695787.7973102649, 586497.2659964988, 499965.04081500083, 70308.73328585301]","[701915.2926444513, 587584.7738575676, 499965.04081500083, 70308.73328585301]","[754542.4482330049, 582730.4506895809, 499965.04081500083, 70308.73328585301]","[818042.2300640556, 641555.1057194956, 499965.04081500083, 70308.73328585301]","[726980.5528053336, 592059.9237072378, 499965.04081500083, 70308.73328585301]","[769810.9054890749, 596441.3312634396, 499965.04081500083, 70308.73328585301]","[765177.7950084737, 586371.6088433214, 499965.04081500083, 70308.73328585301]","[692432.5301420954, 579402.1866858302, 499965.04081500083, 70308.73328585301]","[792067.374075349, 618958.4015469456, 499965.04081500083, 70308.73328585301]","[759063.0920757103, 591885.9263519465, 499965.04081500083, 70308.73328585301]","[733181.1174759578, 594637.2783446121, 499965.04081500083, 70308.73328585301]","[863151.3206935565, 653162.3173612971, 499965.04081500083, 70308.73328585301]","[733174.7983062254, 575981.4758521577, 499965.04081500083, 70308.73328585301]","[652755.5618364062, 558386.9583763594, 499965.04081500083, 70308.73328585301]","[721506.702140463, 592846.4354507861, 499965.04081500083, 70308.73328585301]","[764018.7211358866, 598424.6158896182, 499965.04081500083, 70308.73328585301]","[736230.1182305769, 582243.9675839284, 499965.04081500083, 70308.73328585301]","[771698.8667762311, 591515.9188570501, 499965.04081500083, 70308.73328585301]","[809317.7789956594, 647606.3876670266, 499965.04081500083, 70308.73328585301]","[790837.7884095199, 617220.5922163919, 499965.04081500083, 70308.73328585301]","[760571.1570091016, 596123.6027202448, 499965.04081500083, 70308.73328585301]"
"[805848.4072843102, 661277.9833080393, 536784.1478510428, 75643.73110272035]","[844290.4504408478, 659740.3626480256, 536784.1478510428, 75643.73110272035]","[820829.7223983686, 642409.0746888139, 536784.1478510428, 75643.73110272035]","[764044.8900092412, 619884.9168067471, 536784.1478510428, 75643.73110272035]","[880500.5408681163, 659599.1485972335, 536784.1478510428, 75643.73110272035]","[889756.1049108306, 660367.8054149456, 536784.1478510428, 75643.73110272035]","[877654.3181942445, 668535.5527245672, 536784.1478510428, 75643.73110272035]","[845112.442792477, 643139.1143015695, 536784.1478510428, 75643.73110272035]","[808957.0059400247, 618932.7740820074, 536784.1478510428, 75643.73110272035]","[871740.5882444014, 650636.678247453, 536784.1478510428, 75643.73110272035]","[720471.9316873859, 606414.2856008759, 536784.1478510428, 75643.73110272035]","[745533.5834892801, 614302.0523553566, 536784.1478510428, 75643.73110272035]","[799324.8890887352, 650273.2777260887, 536784.1478510428, 75643.73110272035]","[717185.8312513466, 606134.1821783279, 536784.1478510428, 75643.73110272035]","[782469.3979579633, 615128.5992952378, 536784.1478510428, 75643.73110272035]","[785213.2761833561, 608770.2511052353, 536784.1478510428, 75643.73110272035]","[765500.2649265091, 620951.2188002032, 536784.1478510428, 75643.73110272035]","[844516.1402440283, 679497.7850866624, 536784.1478510428, 75643.73110272035]","[720206.9911278771, 624429.8611058398, 536784.1478510428, 75643.73110272035]","[820940.5675562043, 643376.817053663, 536784.1478510428, 75643.73110272035]","[897272.2981444171, 677398.3017433895, 536784.1478510428, 75643.73110272035]","[940184.2354645109, 750980.6930665933, 536784.1478510428, 75643.73110272035]","[820809.6629707549, 634305.8134283156, 536784.1478510428, 75643.73110272035]","[729098.567545411, 615458.0087973602, 536784.1478510428, 75643.73110272035]","[737971.7247449207, 610586.8929247078, 536784.1478510428, 75643.73110272035]","[733607.8045151698, 598629.0931334342, 536784.1478510428, 75643.73110272035]","[738267.6970746126, 615264.7831952454, 536784.1478510428, 75643.73110272035]","[746297.2716114238, 619518.9197224834, 536784.1478510428, 75643.73110272035]","[791597.2492245736, 628865.0375537688, 536784.1478510428, 75643.73110272035]","[792584.9820377097, 649194.6953567008, 536784.1478510428, 75643.73110272035]","[871194.8675594265, 677954.0515680109, 536784.1478510428, 75643.73110272035]","[846275.6998916854, 723170.4058264925, 536784.1478510428, 75643.73110272035]","[751050.5178645755, 616454.3670799162, 536784.1478510428, 75643.73110272035]","[869431.8061366075, 680430.3717076553, 536784.1478510428, 75643.73110272035]","[786613.1266941596, 619659.4766624087, 536784.1478510428, 75643.73110272035]","[799055.7023431464, 643010.5325368238, 536784.1478510428, 75643.73110272035]","[754779.193295957, 618015.4106904359, 536784.1478510428, 75643.73110272035]","[854324.3675114926, 690143.0883712054, 536784.1478510428, 75643.73110272035]","[818981.5573118542, 670417.0627783904, 536784.1478510428, 75643.73110272035]","[753155.2111645086, 618385.6788077119, 536784.1478510428, 75643.73110272035]","[789664.4144625069, 605231.3665250229, 536784.1478510428, 75643.73110272035]","[788050.2446147632, 618020.530749637, 536784.1478510428, 75643.73110272035]","[856417.0967615402, 625463.7004763783, 536784.1478510428, 75643.73110272035]","[866209.5344303823, 639040.4019377943, 536784.1478510428, 75643.73110272035]","[780481.4780691395, 617871.8410192276, 536784.1478510428, 75643.73110272035]","[755220.9969306642, 602401.4103594698, 536784.1478510428, 75643.73110272035]","[790742.702019963, 632833.664736909, 536784.1478510428, 75643.73110272035]","[731226.0107994353, 614875.8877986888, 536784.1478510428, 75643.73110272035]","[871649.3039534892, 668852.9906380331, 536784.1478510428, 75643.73110272035]","[762736.0985415227, 632618.5390925822, 536784.1478510428, 75643.73110272035]"
"[739379.1058912829, 588445.1954787959, 505287.22843750037, 71513.19552875705]","[650297.6293299258, 566323.9773782151, 505287.22843750037, 71513.19552875705]","[691182.5355702674, 587243.3911885059, 505287.22843750037, 71513.19552875705]","[687040.88912127, 589441.8456689866, 505287.22843750037, 71513.19552875705]","[793086.1273358648, 614579.7861977385, 505287.22843750037, 71513.19552875705]","[681387.6847662384, 579016.081084462, 505287.22843750037, 71513.19552875705]","[733011.5893018662, 590446.043120341, 505287.22843750037, 71513.19552875705]","[743307.1781209398, 619749.2008597179, 505287.22843750037, 71513.19552875705]","[754089.9015445398, 614864.5506529644, 505287.22843750037, 71513.19552875705]","[722074.7828153466, 594948.8955013118, 505287.22843750037, 71513.19552875705]","[714650.9949517213, 587969.0286493016, 505287.22843750037, 71513.19552875705]","[770984.6959588728, 616348.9136268278, 505287.22843750037, 71513.19552875705]","[759777.5578548335, 623292.679582098, 505287.22843750037, 71513.19552875705]","[653535.5462275201, 575617.1482323204, 505287.22843750037, 71513.19552875705]","[868762.8215854698, 680365.0432437644, 505287.22843750037, 71513.19552875705]","[779605.6764378371, 624599.2177656607, 505287.22843750037, 71513.19552875705]","[747334.0061121976, 618395.8670224638, 505287.22843750037, 71513.19552875705]","[671490.2269566256, 569708.3703920109, 505287.22843750037, 71513.19552875705]","[752296.0378121908, 587342.3504657048, 505287.22843750037, 71513.19552875705]","[778978.9187359519, 581761.5842056356, 505287.22843750037, 71513.19552875705]","[783822.4469247662, 595861.3359501481, 505287.22843750037, 71513.19552875705]","[765395.4870509686, 618664.6784638, 505287.22843750037, 71513.19552875705]","[709605.0604404706, 583643.3500941802, 505287.22843750037, 71513.19552875705]","[774251.9201678826, 597331.3436126958, 505287.22843750037, 71513.19552875705]","[799889.019468925, 626789.0701657097, 505287.22843750037, 71513.19552875705]","[759298.0956018395, 608891.2518997052, 505287.22843750037, 71513.19552875705]","[787418.1855859341, 586646.4223200704, 505287.22843750037, 71513.19552875705]","[785809.6050843596, 623327.2869314984, 505287.22843750037, 71513.19552875705]","[772906.6077733891, 608841.4603582361, 505287.22843750037, 71513.19552875705]","[731521.0276620501, 601085.8394421795, 505287.22843750037, 71513.19552875705]","[732990.7351248653, 599774.3905255083, 505287.22843750037, 71513.19552875705]","[677912.2396207434, 565192.5255760886, 505287.22843750037, 71513.19552875705]","[676500.4592084627, 569660.0508274408, 505287.22843750037, 71513.19552875705]","[722165.1179687041, 595486.0555308235, 505287.22843750037, 71513.19552875705]","[816690.2305912079, 628202.0564502663, 505287.22843750037, 71513.19552875705]","[717727.2653370462, 576632.4729536889, 505287.22843750037, 71513.19552875705]","[866951.8444224185, 610055.3214705474, 505287.22843750037, 71513.19552875705]","[728218.3160595688, 606598.4636321033, 505287.22843750037, 71513.19552875705]","[784798.1403111265, 617593.6556661621, 505287.22843750037, 71513.19552875705]","[846274.2834114892, 708601.3274387406, 505287.22843750037, 71513.19552875705]","[708257.4994792766, 583595.0324585142, 505287.22843750037, 71513.19552875705]","[680918.5396434627, 569151.7493396732, 505287.22843750037, 71513.19552875705]","[752495.1636140925, 575050.5820387712, 505287.22843750037, 71513.19552875705]","[699031.1345708116, 587318.1890068727, 505287.22843750037, 71513.19552875705]","[678785.0559526202, 587762.6832964269, 505287.22843750037, 71513.19552875705]","[731649.494200365, 596774.8254107826, 505287.22843750037, 71513.19552875705]","[727401.0566472057, 598925.4327363455, 505287.22843750037, 71513.19552875705]","[836362.7536151353, 662817.45377488, 505287.22843750037, 71513.19552875705]","[821522.7004915777, 595492.9442087658, 505287.22843750037, 71513.19552875705]","[753975.5124880201, 593701.6910235549, 505287.22843750037, 71513.19552875705]"
"[659243.7890981566, 568005.410373697, 503023.99322126736, 74384.67246948445]","[722208.321634408, 599230.4475877285, 503023.99322126736, 74384.67246948445]","[767855.0914517958, 593616.6536505307, 503023.99322126736, 74384.67246948445]","[763314.8294970082, 589839.6539638204, 503023.99322126736, 74384.67246948445]","[739622.0789815016, 595472.6975045797, 503023.99322126736, 74384.67246948445]","[682362.35535184, 568162.6196896755, 503023.99322126736, 74384.67246948445]","[727650.3478245174, 592909.1454067492, 503023.99322126736, 74384.67246948445]","[735899.4226860647, 590766.5383227426, 503023.99322126736, 74384.67246948445]","[807780.6749218748, 616097.4748745889, 503023.99322126736, 74384.67246948445]","[771789.529996839, 598102.3626968127, 503023.99322126736, 74384.67246948445]","[684358.7701299656, 593005.5108003642, 503023.99322126736, 74384.67246948445]","[668835.8659788015, 572695.997233217, 503023.99322126736, 74384.67246948445]","[701247.7202346735, 578027.1376088335, 503023.99322126736, 74384.67246948445]","[818385.4578618299, 593450.6311496755, 503023.99322126736, 74384.67246948445]","[685536.8826506094, 596310.2573491257, 503023.99322126736, 74384.67246948445]","[835034.5135624493, 651359.2437640972, 503023.99322126736, 74384.67246948445]","[865994.9833503095, 680013.985217157, 503023.99322126736, 74384.67246948445]","[774451.4354209736, 615319.5289415306, 503023.99322126736, 74384.67246948445]","[756016.8961775239, 635384.0362868911, 503023.99322126736, 74384.67246948445]","[806839.2605710456, 630133.1051619978, 503023.99322126736, 74384.67246948445]","[828799.747840695, 659454.171061292, 503023.99322126736, 74384.67246948445]","[772402.8084579069, 576302.2725400805, 503023.99322126736, 74384.67246948445]","[772030.4976350551, 604643.4224545136, 503023.99322126736, 74384.67246948445]","[785923.8211495748, 616682.787587366, 503023.99322126736, 74384.67246948445]","[742113.341925348, 598811.0336568456, 503023.99322126736, 74384.67246948445]","[746694.332673066, 621682.635166974, 503023.99322126736, 74384.67246948445]","[812074.2673533997, 628778.5726992297, 503023.99322126736, 74384.67246948445]","[756292.0501503994, 651857.6800466537, 503023.99322126736, 74384.67246948445]","[666210.1351788206, 574708.9731259547, 503023.99322126736, 74384.67246948445]","[724957.6917502377, 577140.4688383226, 503023.99322126736, 74384.67246948445]","[757166.8847478095, 586482.6097892362, 503023.99322126736, 74384.67246948445]","[783119.5744411639, 654477.0162760427, 503023.99322126736, 74384.67246948445]","[755641.9892760114, 589294.1633627929, 503023.99322126736, 74384.67246948445]","[725036.5389069663, 604661.4940978684, 503023.99322126736, 74384.67246948445]","[762216.5707283937, 597834.9374682964, 503023.99322126736, 74384.67246948445]","[711699.6441896072, 583234.3500988582, 503023.99322126736, 74384.67246948445]","[747085.3931465985, 582231.7579414959, 503023.99322126736, 74384.67246948445]","[715680.3528267415, 579467.3988530849, 503023.99322126736, 74384.67246948445]","[833711.1762818042, 610807.5448690621, 503023.99322126736, 74384.67246948445]","[809197.8457767707, 646447.5258227247, 503023.99322126736, 74384.67246948445]","[823662.793199398, 632526.4217702254, 503023.99322126736, 74384.67246948445]","[753982.6164703822, 599546.8627602796, 503023.99322126736, 74384.67246948445]","[689154.7635841473, 576987.7128619213, 503023.99322126736, 74384.67246948445]","[752825.2933077441, 627085.0551033058, 503023.99322126736, 74384.67246948445]","[807286.0424226566, 625627.186909488, 503023.99322126736, 74384.67246948445]","[853647.1354853541, 648970.9695743502, 503023.99322126736, 74384.67246948445]","[740097.9217996964, 575301.1528188895, 503023.99322126736, 74384.67246948445]","[667523.8920104564, 572799.2838958196, 503023.99322126736, 74384.67246948445]","[707692.8535170726, 577134.8163232388, 503023.99322126736, 74384.67246948445]","[708721.5573528275, 579965.314946258, 503023.99322126736, 74384.67246948445]"
"[763461.2042602184, 647691.7419804255, 568565.0269637547, 77082.44323983838]","[831894.3407228597, 667483.927028739, 568565.0269637547, 77082.44323983838]","[806103.1105299344, 661519.1983726638, 568565.0269637547, 77082.44323983838]","[840011.8935441105, 663444.1949027791, 568565.0269637547, 77082.44323983838]","[780600.7047071768, 654687.3719515903, 568565.0269637547, 77082.44323983838]","[749185.3631273359, 637709.5574818269, 568565.0269637547, 77082.44323983838]","[878446.669799368, 715369.9596163372, 568565.0269637547, 77082.44323983838]","[860260.9997845872, 669747.0613536715, 568565.0269637547, 77082.44323983838]","[833730.65507124, 659799.4589873465, 568565.0269637547, 77082.44323983838]","[793398.6409132804, 641581.5981272369, 568565.0269637547, 77082.44323983838]","[772870.9212358579, 640008.2812072266, 568565.0269637547, 77082.44323983838]","[843413.059069889, 706112.689886279, 568565.0269637547, 77082.44323983838]","[838158.6442436443, 663944.9008678282, 568565.0269637547, 77082.44323983838]","[839296.332264236, 657537.4794587747, 568565.0269637547, 77082.44323983838]","[880244.5175427694, 666534.8697552308, 568565.0269637547, 77082.44323983838]","[846065.2787698414, 652459.8569453043, 568565.0269637547, 77082.44323983838]","[867258.3883239739, 678821.6497820701, 568565.0269637547, 77082.44323983838]","[838529.6829806218, 663016.153786648, 568565.0269637547, 77082.44323983838]","[818489.4206776452, 680240.1424335343, 568565.0269637547, 77082.44323983838]","[754449.8600406309, 646829.8431838602, 568565.0269637547, 77082.44323983838]","[858849.8649604658, 689150.7182880433, 568565.0269637547, 77082.44323983838]","[818471.0740488928, 652942.9401911336, 568565.0269637547, 77082.44323983838]","[874724.8303328785, 667218.8760047288, 568565.0269637547, 77082.44323983838]","[803234.0809287943, 654101.27600701, 568565.0269637547, 77082.44323983838]","[746946.4922711682, 646488.1068296911, 568565.0269637547, 77082.44323983838]","[934674.6354059896, 788489.7577354282, 568565.0269637547, 77082.44323983838]","[793380.2213313465, 648452.6209341501, 568565.0269637547, 77082.44323983838]","[811958.4770285682, 647975.9537136852, 568565.0269637547, 77082.44323983838]","[919691.0898967895, 725889.6014397822, 568565.0269637547, 77082.44323983838]","[792358.3918789213, 646175.3340244943, 568565.0269637547, 77082.44323983838]","[756084.2725524149, 644882.8251088707, 568565.0269637547, 77082.44323983838]","[804442.1548410733, 644744.482559613, 568565.0269637547, 77082.44323983838]","[819371.3751188369, 671825.7150048013, 568565.0269637547, 77082.44323983838]","[802298.1633980394, 660866.0911613897, 568565.0269637547, 77082.44323983838]","[885270.9173358976, 721968.3703518021, 568565.0269637547, 77082.44323983838]","[875079.5654496029, 687863.8193799942, 568565.0269637547, 77082.44323983838]","[750640.0688399207, 655261.8352858146, 568565.0269637547, 77082.44323983838]","[900598.4826406246, 674400.0804577583, 568565.0269637547, 77082.44323983838]","[866717.6647075636, 668875.3310674173, 568565.0269637547, 77082.44323983838]","[846486.0820423843, 669877.7798159459, 568565.0269637547, 77082.44323983838]","[816382.9194689156, 650014.3776469049, 568565.0269637547, 77082.44323983838]","[874118.8411349792, 674365.060088376, 568565.0269637547, 77082.44323983838]","[742066.1928909934, 637620.2682961858, 568565.0269637547, 77082.44323983838]","[800793.3388818145, 647777.609604359, 568565.0269637547, 77082.44323983838]","[754229.3556124981, 641806.0501546463, 568565.0269637547, 77082.44323983838]","[764061.3655491587, 645830.5613833461, 568565.0269637547, 77082.44323983838]","[819892.3659455228, 649217.1450371007, 568565.0269637547, 77082.44323983838]","[812637.528128091, 660324.981541774, 568565.0269637547, 77082.44323983838]","[750524.2151411952, 647405.9221722446, 568565.0269637547, 77082.44323983838]","[795810.391151397, 652516.528085909, 568565.0269637547, 77082.44323983838]"
"[711438.9541206737, 601216.0507670551, 521595.290023853, 76186.15286942951]","[831184.8224184068, 627245.3052575649, 521595.290023853, 76186.15286942951]","[734750.1007673416, 603962.0575402167, 521595.290023853, 76186.15286942951]","[704586.9190435013, 601485.5486477829, 521595.290023853, 76186.15286942951]","[701969.3775257587, 596292.7773414981, 521595.290023853, 76186.15286942951]","[826237.1379046701, 629942.86895269, 521595.290023853, 76186.15286942951]","[720319.8679489556, 599392.5841989607, 521595.290023853, 76186.15286942951]","[791264.056753283, 623000.7841277597, 521595.290023853, 76186.15286942951]","[760194.0044831272, 625129.2397001045, 521595.290023853, 76186.15286942951]","[702628.1043189487, 592017.73551585, 521595.290023853, 76186.15286942951]","[746003.9616530119, 599070.5725144552, 521595.290023853, 76186.15286942951]","[854510.5756207851, 667598.0800831754, 521595.290023853, 76186.15286942951]","[689186.3225864035, 605619.4515824044, 521595.290023853, 76186.15286942951]","[903599.0066353367, 763377.063166592, 521595.290023853, 76186.15286942951]","[778801.0382747409, 627623.991998464, 521595.290023853, 76186.15286942951]","[821186.968594956, 629742.1773496779, 521595.290023853, 76186.15286942951]","[719615.5464561032, 604064.2396829398, 521595.290023853, 76186.15286942951]","[777996.3841280731, 607158.342333851, 521595.290023853, 76186.15286942951]","[697542.2429824774, 600283.843392588, 521595.290023853, 76186.15286942951]","[715517.0495925775, 596812.595115414, 521595.290023853, 76186.15286942951]","[731641.7765506774, 613985.3318650352, 521595.290023853, 76186.15286942951]","[881173.611140993, 683206.0465902395, 521595.290023853, 76186.15286942951]","[773987.646615116, 611143.4452255472, 521595.290023853, 76186.15286942951]","[791793.6616523576, 615111.8849775696, 521595.290023853, 76186.15286942951]","[857550.0449786633, 621444.8438741161, 521595.290023853, 76186.15286942951]","[881249.6637547883, 694736.9317355924, 521595.290023853, 76186.15286942951]","[806756.0169900279, 661599.7888631517, 521595.290023853, 76186.15286942951]","[734211.9900055127, 611894.3905970509, 521595.290023853, 76186.15286942951]","[764628.6782373934, 637126.625285065, 521595.290023853, 76186.15286942951]","[746996.881463747, 625052.3683948409, 521595.290023853, 76186.15286942951]","[773703.9623151785, 596321.7795898502, 521595.290023853, 76186.15286942951]","[771316.1730987618, 616112.3417988792, 521595.290023853, 76186.15286942951]","[818726.2817288244, 656088.1910810564, 521595.290023853, 76186.15286942951]","[852541.6532893073, 630206.9886767159, 521595.290023853, 76186.15286942951]","[759145.724250646, 605925.7134339878, 521595.290023853, 76186.15286942951]","[797501.0336967221, 656593.1876276656, 521595.290023853, 76186.15286942951]","[786538.4423822676, 641092.0322541358, 521595.290023853, 76186.15286942951]","[787520.4661471084, 609002.4727490508, 521595.290023853, 76186.15286942951]","[914553.3425190063, 686073.38337986, 521595.290023853, 76186.15286942951]","[828691.6224201885, 619263.3947681857, 521595.290023853, 76186.15286942951]","[770412.9173398095, 643902.7316099913, 521595.290023853, 76186.15286942951]","[827029.7607602251, 659839.5720489054, 521595.290023853, 76186.15286942951]","[810810.8509266516, 646648.1517448206, 521595.290023853, 76186.15286942951]","[785873.2833103995, 620801.0002386282, 521595.290023853, 76186.15286942951]","[760792.7102625725, 613096.1067878366, 521595.290023853, 76186.15286942951]","[858360.8684713531, 686164.8450124159, 521595.290023853, 76186.15286942951]","[809140.7249501506, 642273.3338127233, 521595.290023853, 76186.15286942951]","[828681.334001557, 634130.2257404423, 521595.290023853, 76186.15286942951]","[734317.1300541306, 605666.9162853534, 521595.290023853, 76186.15286942951]","[745710.5542855443, 619888.3910775882, 521595.290023853, 76186.15286942951]"
"[767717.1133851211, 624266.0161425481, 508997.7505925893, 73221.71309115585]","[719690.213844075, 591555.6965018279, 508997.7505925893, 73221.71309115585]","[775408.6077331447, 649164.6030532258, 508997.7505925893, 73221.71309115585]","[695400.9420042956, 579996.0288044713, 508997.7505925893, 73221.71309115585]","[694641.926470548, 585440.3814470852, 508997.7505925893, 73221.71309115585]","[762986.6406063277, 606548.6757697377, 508997.7505925893, 73221.71309115585]","[704590.5091401136, 585224.3425374159, 508997.7505925893, 73221.71309115585]","[772483.4261568999, 620099.8304104164, 508997.7505925893, 73221.71309115585]","[686698.3832500062, 579605.3458996745, 508997.7505925893, 73221.71309115585]","[825367.8865708894, 638108.9986791214, 508997.7505925893, 73221.71309115585]","[731108.2242407626, 587933.915146064, 508997.7505925893, 73221.71309115585]","[733287.65311287, 600572.48712926, 508997.7505925893, 73221.71309115585]","[788152.0330389134, 587471.2412567586, 508997.7505925893, 73221.71309115585]","[772483.707260592, 655487.8033587383, 508997.7505925893, 73221.71309115585]","[681013.5853537045, 590674.8595897814, 508997.7505925893, 73221.71309115585]","[698414.4162291128, 588362.6122887445, 508997.7505925893, 73221.71309115585]","[700643.1472166944, 596492.1850894769, 508997.7505925893, 73221.71309115585]","[781575.074120948, 645669.1754301907, 508997.7505925893, 73221.71309115585]","[714167.7568246106, 583328.0754875446, 508997.7505925893, 73221.71309115585]","[735736.0258575203, 611562.6164708943, 508997.7505925893, 73221.71309115585]","[760976.5827912167, 599840.2963901792, 508997.7505925893, 73221.71309115585]","[750316.6515904138, 628123.9060581459, 508997.7505925893, 73221.71309115585]","[815099.9610036777, 625538.5010259552, 508997.7505925893, 73221.71309115585]","[770144.5454765736, 619328.8411127268, 508997.7505925893, 73221.71309115585]","[750649.0396751335, 625836.2503899015, 508997.7505925893, 73221.71309115585]","[786835.5228623905, 640187.6307416911, 508997.7505925893, 73221.71309115585]","[680295.601658757, 579369.981707181, 508997.7505925893, 73221.71309115585]","[830428.556403876, 600949.1618389515, 508997.7505925893, 73221.71309115585]","[760221.3436961148, 613126.8810407189, 508997.7505925893, 73221.71309115585]","[733787.3918965257, 608396.6953579732, 508997.7505925893, 73221.71309115585]","[667257.7341405186, 578870.3063730759, 508997.7505925893, 73221.71309115585]","[777541.6546998018, 630059.0747666748, 508997.7505925893, 73221.71309115585]","[869804.1259445602, 604585.0286187091, 508997.7505925893, 73221.71309115585]","[730640.4146251072, 587656.0215699817, 508997.7505925893, 73221.71309115585]","[818407.1935680571, 665978.772374192, 508997.7505925893, 73221.71309115585]","[743764.7360032022, 612224.1634509512, 508997.7505925893, 73221.71309115585]","[788740.7549366218, 635464.6241189152, 508997.7505925893, 73221.71309115585]","[709886.3988507955, 585306.1499704886, 508997.7505925893, 73221.71309115585]","[815951.5853438611, 618218.703466066, 508997.7505925893, 73221.71309115585]","[770316.6213231223, 639114.1168050243, 508997.7505925893, 73221.71309115585]","[675631.0612318084, 590624.6275972718, 508997.7505925893, 73221.71309115585]","[741697.0233522203, 601271.3443898006, 508997.7505925893, 73221.71309115585]","[722899.1699915158, 603107.9293893554, 508997.7505925893, 73221.71309115585]","[760915.9550716587, 597791.7046670379, 508997.7505925893, 73221.71309115585]","[802705.1768794, 618819.7970107754, 508997.7505925893, 73221.71309115585]","[673697.8595154071, 596315.6384225234, 508997.7505925893, 73221.71309115585]","[715371.5413342208, 591715.5125309979, 508997.7505925893, 73221.71309115585]","[731982.6495151623, 605834.1949890713, 508997.7505925893, 73221.71309115585]","[770623.9437979719, 605731.6858207632, 508997.7505925893, 73221.71309115585]","[677659.7660383212, 587838.863622353, 508997.7505925893, 73221.71309115585]"
"[889941.0926210298, 690987.0902993578, 562794.0301046098, 77351.08845419619]","[915819.1427368213, 743249.4100323903, 562794.0301046098, 77351.08845419619]","[767115.8234937106, 642077.717301616, 562794.0301046098, 77351.08845419619]","[862208.8081524994, 679448.0684905803, 562794.0301046098, 77351.08845419619]","[825441.1262180745, 651835.6844279265, 562794.0301046098, 77351.08845419619]","[801965.58793407, 640079.7162564205, 562794.0301046098, 77351.08845419619]","[780910.0382826077, 646282.9073531159, 562794.0301046098, 77351.08845419619]","[774183.5754459056, 642694.2746828713, 562794.0301046098, 77351.08845419619]","[910322.9139908021, 732113.031191563, 562794.0301046098, 77351.08845419619]","[815100.2412494919, 638541.6899979635, 562794.0301046098, 77351.08845419619]","[880596.2105285445, 727533.1371010162, 562794.0301046098, 77351.08845419619]","[930453.3591439914, 663469.5899840823, 562794.0301046098, 77351.08845419619]","[837989.050890285, 681496.5285024003, 562794.0301046098, 77351.08845419619]","[953697.0215739887, 723725.2489205449, 562794.0301046098, 77351.08845419619]","[895768.7909218044, 688072.8395705122, 562794.0301046098, 77351.08845419619]","[779943.3020499181, 642053.2254107055, 562794.0301046098, 77351.08845419619]","[823703.1333149004, 683433.7633024976, 562794.0301046098, 77351.08845419619]","[812982.9096012969, 655488.3932662256, 562794.0301046098, 77351.08845419619]","[763424.6135126986, 649218.5972719532, 562794.0301046098, 77351.08845419619]","[756311.9080757708, 644550.9596722835, 562794.0301046098, 77351.08845419619]","[874059.6500886235, 671171.0055882216, 562794.0301046098, 77351.08845419619]","[893187.9250489167, 641042.3560367749, 562794.0301046098, 77351.08845419619]","[888373.1128234639, 667640.5802652938, 562794.0301046098, 77351.08845419619]","[837329.1255971122, 670587.784947288, 562794.0301046098, 77351.08845419619]","[844431.6512304087, 638857.0239203575, 562794.0301046098, 77351.08845419619]","[807800.3168334645, 662433.1631843719, 562794.0301046098, 77351.08845419619]","[857746.3510752184, 680622.9667784898, 562794.0301046098, 77351.08845419619]","[888376.1044550608, 687208.3643639517, 562794.0301046098, 77351.08845419619]","[859750.6803447925, 667097.8311413421, 562794.0301046098, 77351.08845419619]","[1019382.9769059506, 803415.8040996848, 562794.0301046098, 77351.08845419619]","[916004.7566055136, 726667.6100225241, 562794.0301046098, 77351.08845419619]","[839193.1550899831, 652634.2859361899, 562794.0301046098, 77351.08845419619]","[884797.4081395398, 685700.6530250215, 562794.0301046098, 77351.08845419619]","[838029.1233731443, 698525.3511374693, 562794.0301046098, 77351.08845419619]","[817612.3507722822, 685245.8539496858, 562794.0301046098, 77351.08845419619]","[977535.9599298205, 743930.4923796062, 562794.0301046098, 77351.08845419619]","[853511.1937047144, 693953.5932723914, 562794.0301046098, 77351.08845419619]","[850659.7893648613, 675310.672923612, 562794.0301046098, 77351.08845419619]","[780841.9336348741, 651984.7902118597, 562794.0301046098, 77351.08845419619]","[844912.4642874663, 646683.139669838, 562794.0301046098, 77351.08845419619]","[795020.3752385157, 647100.6744857877, 562794.0301046098, 77351.08845419619]","[817220.0950312788, 678370.8372463367, 562794.0301046098, 77351.08845419619]","[851624.1357468271, 695158.8484065047, 562794.0301046098, 77351.08845419619]","[787347.4072400676, 632106.726445449, 562794.0301046098, 77351.08845419619]","[754747.8490039834, 645455.201221892, 562794.0301046098, 77351.08845419619]","[838539.3759974956, 659789.9819051863, 562794.0301046098, 77351.08845419619]","[716120.8159996753, 624912.1351792475, 562794.0301046098, 77351.08845419619]","[827456.3151524009, 634449.0204291921, 562794.0301046098, 77351.08845419619]","[768299.887906502, 637096.6717663736, 562794.0301046098, 77351.08845419619]","[777451.0385024985, 671893.4531979603, 562794.0301046098, 77351.08845419619]"
"[764296.5380347171, 601137.224051343, 517076.01944421645, 75073.66094770443]","[949987.8684344045, 687263.2969354538, 517076.01944421645, 75073.66094770443]","[793745.4552929268, 626460.6693774539, 517076.01944421645, 75073.66094770443]","[739180.7588352705, 612557.2856487725, 517076.01944421645, 75073.66094770443]","[732731.9601613301, 625145.9106971344, 517076.01944421645, 75073.66094770443]","[719277.563001594, 598343.3645878837, 517076.01944421645, 75073.66094770443]","[843899.9942006511, 649189.8737912507, 517076.01944421645, 75073.66094770443]","[808770.0180166017, 649426.3367293156, 517076.01944421645, 75073.66094770443]","[761230.9937681049, 614718.0546904405, 517076.01944421645, 75073.66094770443]","[742335.7513475269, 598835.3061320164, 517076.01944421645, 75073.66094770443]","[749535.9467686063, 606963.0831670064, 517076.01944421645, 75073.66094770443]","[746776.8155999186, 592324.8584579023, 517076.01944421645, 75073.66094770443]","[794425.8646511676, 600894.235991883, 517076.01944421645, 75073.66094770443]","[771675.5285178038, 625435.920443431, 517076.01944421645, 75073.66094770443]","[899744.5709756803, 642619.7533521869, 517076.01944421645, 75073.66094770443]","[825154.908771514, 635165.2500656407, 517076.01944421645, 75073.66094770443]","[757614.0716092017, 606266.4324339995, 517076.01944421645, 75073.66094770443]","[726014.298955164, 601777.1866257648, 517076.01944421645, 75073.66094770443]","[814141.1815499741, 662588.747896621, 517076.01944421645, 75073.66094770443]","[812117.549619428, 638614.648683811, 517076.01944421645, 75073.66094770443]","[849807.6728779796, 623004.0078018775, 517076.01944421645, 75073.66094770443]","[726847.0933926498, 604849.1674384174, 517076.01944421645, 75073.66094770443]","[741390.1043710704, 596554.5972946387, 517076.01944421645, 75073.66094770443]","[738452.9849692967, 589684.1224131803, 517076.01944421645, 75073.66094770443]","[764661.7476279716, 610209.346222358, 517076.01944421645, 75073.66094770443]","[765510.257919935, 624841.3027711719, 517076.01944421645, 75073.66094770443]","[726781.540872021, 590543.5941931511, 517076.01944421645, 75073.66094770443]","[722674.2993100734, 600798.8646375814, 517076.01944421645, 75073.66094770443]","[760158.4507721895, 623167.8843610119, 517076.01944421645, 75073.66094770443]","[859652.4762384695, 666374.7023088285, 517076.01944421645, 75073.66094770443]","[850954.9332936924, 648115.5695742926, 517076.01944421645, 75073.66094770443]","[812106.6609798642, 645534.3959337176, 517076.01944421645, 75073.66094770443]","[729396.8149127535, 592490.3164684847, 517076.01944421645, 75073.66094770443]","[818482.3337357831, 632633.6837495848, 517076.01944421645, 75073.66094770443]","[688702.9042615064, 586967.6626439111, 517076.01944421645, 75073.66094770443]","[711320.4518845818, 617276.4529369608, 517076.01944421645, 75073.66094770443]","[785774.5007611196, 601523.7486833623, 517076.01944421645, 75073.66094770443]","[739059.3616499292, 601292.3548540627, 517076.01944421645, 75073.66094770443]","[778191.957203599, 639195.7696218652, 517076.01944421645, 75073.66094770443]","[750553.8166181179, 586643.0812799253, 517076.01944421645, 75073.66094770443]","[728255.7031655109, 597124.2550378075, 517076.01944421645, 75073.66094770443]","[728845.364345986, 595143.8586790076, 517076.01944421645, 75073.66094770443]","[872939.4780500067, 644043.503261237, 517076.01944421645, 75073.66094770443]","[827416.8910943903, 641320.8443977917, 517076.01944421645, 75073.66094770443]","[689967.6115709537, 584607.7237817663, 517076.01944421645, 75073.66094770443]","[793419.0815842925, 607220.0309005451, 517076.01944421645, 75073.66094770443]","[680768.4062811307, 589164.8728480416, 517076.01944421645, 75073.66094770443]","[712336.190301612, 595182.2682178614, 517076.01944421645, 75073.66094770443]","[686445.6592063556, 600197.6405371962, 517076.01944421645, 75073.66094770443]","[738177.6666624087, 586658.3064259859, 517076.01944421645, 75073.66094770443]"
"[727333.6697702302, 601949.6643385274, 528685.3461065227, 75767.99557425268]","[717388.514667612, 608541.5204212418, 528685.3461065227, 75767.99557425268]","[774993.6873471502, 619652.420104322, 528685.3461065227, 75767.99557425268]","[787046.66046832, 652416.1246852376, 528685.3461065227, 75767.99557425268]","[738064.9835393304, 619394.5678461825, 528685.3461065227, 75767.99557425268]","[776794.3528398311, 624682.1592942473, 528685.3461065227, 75767.99557425268]","[715559.7451635972, 607005.8605521303, 528685.3461065227, 75767.99557425268]","[756347.2723796394, 615778.8045864853, 528685.3461065227, 75767.99557425268]","[805681.814276991, 633598.4938750184, 528685.3461065227, 75767.99557425268]","[773901.7980225433, 634251.3687345803, 528685.3461065227, 75767.99557425268]","[764636.7301003376, 610469.9340584419, 528685.3461065227, 75767.99557425268]","[792953.0788998229, 614691.4028645124, 528685.3461065227, 75767.99557425268]","[764214.5888585835, 647244.6628561072, 528685.3461065227, 75767.99557425268]","[767495.8348011548, 636599.0950651093, 528685.3461065227, 75767.99557425268]","[968836.2782808602, 736131.055275425, 528685.3461065227, 75767.99557425268]","[719933.9155474147, 612326.2842706246, 528685.3461065227, 75767.99557425268]","[736616.5304303003, 613228.8072115427, 528685.3461065227, 75767.99557425268]","[742132.6100618703, 608169.841577705, 528685.3461065227, 75767.99557425268]","[705407.6931529943, 605280.8502635367, 528685.3461065227, 75767.99557425268]","[815615.9290246583, 653088.3913306532, 528685.3461065227, 75767.99557425268]","[732338.6134871098, 610359.2101241556, 528685.3461065227, 75767.99557425268]","[743662.2490612539, 627469.4340418846, 528685.3461065227, 75767.99557425268]","[770388.8439373682, 638677.3927582873, 528685.3461065227, 75767.99557425268]","[756087.9758461359, 621812.5985705766, 528685.3461065227, 75767.99557425268]","[772022.9617498757, 618903.2273209415, 528685.3461065227, 75767.99557425268]","[756910.0780808859, 652287.3466280628, 528685.3461065227, 75767.99557425268]","[712087.2859050235, 603666.7757264824, 528685.3461065227, 75767.99557425268]","[825634.7341850115, 638185.6648386036, 528685.3461065227, 75767.99557425268]","[708917.9349257987, 603894.0120686727, 528685.3461065227, 75767.99557425268]","[763704.1830438656, 610636.5688517687, 528685.3461065227, 75767.99557425268]","[753517.3932229282, 609972.4583284068, 528685.3461065227, 75767.99557425268]","[755714.2712299137, 609151.0346649048, 528685.3461065227, 75767.99557425268]","[683879.0961437124, 600864.3504225255, 528685.3461065227, 75767.99557425268]","[685245.3068767844, 607353.197649638, 528685.3461065227, 75767.99557425268]","[689136.0541921898, 590085.3775231257, 528685.3461065227, 75767.99557425268]","[695794.4160848372, 595795.2679904641, 528685.3461065227, 75767.99557425268]","[796750.2113447535, 613901.9278896797, 528685.3461065227, 75767.99557425268]","[799293.6549506503, 648534.4991599508, 528685.3461065227, 75767.99557425268]","[828341.9874106272, 645122.5087731938, 528685.3461065227, 75767.99557425268]","[708668.5034590863, 613825.7984081749, 528685.3461065227, 75767.99557425268]","[739704.6140192447, 593030.1935109866, 528685.3461065227, 75767.99557425268]","[764104.7550926981, 625021.3695793165, 528685.3461065227, 75767.99557425268]","[707372.1812795649, 604397.9549342116, 528685.3461065227, 75767.99557425268]","[723080.7625467761, 601974.6821813039, 528685.3461065227, 75767.99557425268]","[790767.5257102615, 642726.7581925233, 528685.3461065227, 75767.99557425268]","[696139.9126628014, 602627.379806437, 528685.3461065227, 75767.99557425268]","[744656.6037920781, 606251.9701486669, 528685.3461065227, 75767.99557425268]","[826340.2641169411, 649639.1072140799, 528685.3461065227, 75767.99557425268]","[839299.37552132, 678967.4280620464, 528685.3461065227, 75767.99557425268]","[708312.279805109, 603041.0106849094, 528685.3461065227, 75767.99557425268]"
"[829129.4166586035, 666542.1695918955, 544386.1260112742, 76543.59407156738]","[821051.1909167164, 657019.0359409607, 544386.1260112742, 76543.59407156738]","[707137.712755175, 603895.0006930664, 544386.1260112742, 76543.59407156738]","[850353.8801418447, 714978.0677016595, 544386.1260112742, 76543.59407156738]","[852849.2452191561, 695119.7011306643, 544386.1260112742, 76543.59407156738]","[744701.8306268363, 619920.9782535644, 544386.1260112742, 76543.59407156738]","[842585.5414228045, 653674.8817304961, 544386.1260112742, 76543.59407156738]","[761385.4494488754, 626563.7643151934, 544386.1260112742, 76543.59407156738]","[769113.4721530045, 628738.1731984487, 544386.1260112742, 76543.59407156738]","[720342.745072597, 623113.377109319, 544386.1260112742, 76543.59407156738]","[937468.2241184856, 721599.0191966612, 544386.1260112742, 76543.59407156738]","[746518.4560534357, 618126.8354648484, 544386.1260112742, 76543.59407156738]","[789358.152953692, 637268.1280293338, 544386.1260112742, 76543.59407156738]","[888841.0256347184, 700076.4930967495, 544386.1260112742, 76543.59407156738]","[762877.1391255377, 639238.9877275774, 544386.1260112742, 76543.59407156738]","[812533.8081447153, 630801.5896751508, 544386.1260112742, 76543.59407156738]","[702955.8176746954, 621634.2540591824, 544386.1260112742, 76543.59407156738]","[792583.7068447694, 645543.8293156164, 544386.1260112742, 76543.59407156738]","[821734.1699410159, 629574.5435773856, 544386.1260112742, 76543.59407156738]","[782250.3443827478, 648070.455191211, 544386.1260112742, 76543.59407156738]","[732986.2140813505, 602845.7215652951, 544386.1260112742, 76543.59407156738]","[797450.8171365197, 666086.587682724, 544386.1260112742, 76543.59407156738]","[803506.1487643467, 627478.7844551798, 544386.1260112742, 76543.59407156738]","[896665.2031962706, 693852.5614418548, 544386.1260112742, 76543.59407156738]","[772141.7172535798, 624456.473557875, 544386.1260112742, 76543.59407156738]","[873034.0479431159, 660855.6106035245, 544386.1260112742, 76543.59407156738]","[752412.6491515959, 621050.3624426386, 544386.1260112742, 76543.59407156738]","[782024.5014549887, 629549.7103570595, 544386.1260112742, 76543.59407156738]","[805040.4043981675, 635217.2275076398, 544386.1260112742, 76543.59407156738]","[803958.5193575728, 659108.9515446614, 544386.1260112742, 76543.59407156738]","[768080.5294804651, 622868.8001385052, 544386.1260112742, 76543.59407156738]","[778815.4165428403, 643541.6087455885, 544386.1260112742, 76543.59407156738]","[809387.5840912439, 627618.0105145614, 544386.1260112742, 76543.59407156738]","[843552.2346406482, 656772.3009336259, 544386.1260112742, 76543.59407156738]","[771839.1909501132, 635599.3046022689, 544386.1260112742, 76543.59407156738]","[876567.3906368964, 700098.8618329419, 544386.1260112742, 76543.59407156738]","[794752.9320275269, 624486.6332201984, 544386.1260112742, 76543.59407156738]","[780382.3762483438, 632664.814071857, 544386.1260112742, 76543.59407156738]","[869696.9703357869, 633576.4269590718, 544386.1260112742, 76543.59407156738]","[759184.2572931392, 635212.7919405394, 544386.1260112742, 76543.59407156738]","[743409.9872623616, 629873.9933197249, 544386.1260112742, 76543.59407156738]","[841750.2442269658, 674563.3729452129, 544386.1260112742, 76543.59407156738]","[782777.0452615977, 639501.1293563625, 544386.1260112742, 76543.59407156738]","[793560.6704705022, 625129.6010250212, 544386.1260112742, 76543.59407156738]","[778406.6215024303, 624644.9918368647, 544386.1260112742, 76543.59407156738]","[747884.1322198202, 610142.0819167097, 544386.1260112742, 76543.59407156738]","[825323.8818718056, 679256.7282905253, 544386.1260112742, 76543.59407156738]","[901981.6996806251, 707761.9091826408, 544386.1260112742, 76543.59407156738]","[844373.1528202969, 682014.8790148584, 544386.1260112742, 76543.59407156738]","[794255.8337553968, 653091.3899079645, 544386.1260112742, 76543.59407156738]"
"[670327.3063268195, 607923.6191841227, 541967.2058710478, 78063.48615665604]","[856934.8418701374, 671051.5754463462, 541967.2058710478, 78063.48615665604]","[760676.1212886125, 647743.4025132176, 541967.2058710478, 78063.48615665604]","[856048.2589158408, 655470.3006407412, 541967.2058710478, 78063.48615665604]","[856483.8752173324, 661228.9636041207, 541967.2058710478, 78063.48615665604]","[819553.9730642897, 653290.1687905733, 541967.2058710478, 78063.48615665604]","[787638.6143835321, 648899.1834234685, 541967.2058710478, 78063.48615665604]","[757463.912419569, 621541.3205881353, 541967.2058710478, 78063.48615665604]","[845619.1679884588, 644564.9504447106, 541967.2058710478, 78063.48615665604]","[792973.4821687879, 649710.414273417, 541967.2058710478, 78063.48615665604]","[764585.297643253, 631076.1615078286, 541967.2058710478, 78063.48615665604]","[809888.9734775429, 641627.0199418064, 541967.2058710478, 78063.48615665604]","[800402.6263885733, 627092.3106358425, 541967.2058710478, 78063.48615665604]","[765333.5271645491, 627248.0984803349, 541967.2058710478, 78063.48615665604]","[697348.0415817733, 615233.6702369998, 541967.2058710478, 78063.48615665604]","[764314.5778119451, 621029.8415888107, 541967.2058710478, 78063.48615665604]","[849971.9084812672, 661020.7311178509, 541967.2058710478, 78063.48615665604]","[812000.8803224361, 666286.5416463504, 541967.2058710478, 78063.48615665604]","[741127.785506068, 616226.8608246413, 541967.2058710478, 78063.48615665604]","[824517.7114626165, 661214.8846099926, 541967.2058710478, 78063.48615665604]","[772157.9641247615, 630804.1484065914, 541967.2058710478, 78063.48615665604]","[772932.308460674, 638930.1628509308, 541967.2058710478, 78063.48615665604]","[828256.6524750663, 658297.7347832189, 541967.2058710478, 78063.48615665604]","[717414.6274690934, 625794.424014744, 541967.2058710478, 78063.48615665604]","[824391.1113647965, 667517.7623165786, 541967.2058710478, 78063.48615665604]","[852301.0633907693, 637558.565965361, 541967.2058710478, 78063.48615665604]","[807393.2284124863, 617299.8859743769, 541967.2058710478, 78063.48615665604]","[829156.2608267928, 621134.0936220557, 541967.2058710478, 78063.48615665604]","[780345.9137827579, 644555.7356010039, 541967.2058710478, 78063.48615665604]","[797585.0274159866, 680463.6417803195, 541967.2058710478, 78063.48615665604]","[763565.5597545374, 641156.9940156171, 541967.2058710478, 78063.48615665604]","[760748.5856760689, 630682.7416028767, 541967.2058710478, 78063.48615665604]","[864333.963801014, 669407.885038592, 541967.2058710478, 78063.48615665604]","[778065.7070614946, 625971.4107848915, 541967.2058710478, 78063.48615665604]","[769774.9983479029, 626783.0585095605, 541967.2058710478, 78063.48615665604]","[810928.0257246606, 644300.447821622, 541967.2058710478, 78063.48615665604]","[801800.9499562177, 621556.7071263074, 541967.2058710478, 78063.48615665604]","[740087.8520889832, 618148.5436172134, 541967.2058710478, 78063.48615665604]","[809953.206732308, 645005.7204407164, 541967.2058710478, 78063.48615665604]","[765291.4755416731, 638933.7636851488, 541967.2058710478, 78063.48615665604]","[777538.3765102003, 622943.3532156305, 541967.2058710478, 78063.48615665604]","[955871.9466218728, 721338.360856321, 541967.2058710478, 78063.48615665604]","[726655.2162611354, 623553.1918697904, 541967.2058710478, 78063.48615665604]","[830048.1128565522, 631469.3466887918, 541967.2058710478, 78063.48615665604]","[764157.31982207, 618656.6866919505, 541967.2058710478, 78063.48615665604]","[811867.165681781, 642681.8363300528, 541967.2058710478, 78063.48615665604]","[803055.4057559335, 628961.8992747789, 541967.2058710478, 78063.48615665604]","[864890.7136934296, 646936.7542160137, 541967.2058710478, 78063.48615665604]","[870895.8013278862, 656179.8061328, 541967.2058710478, 78063.48615665604]","[779256.5082137544, 626743.7986620687, 541967.2058710478, 78063.48615665604]"
"[893117.1668085379, 680651.1228519186, 548686.849009045, 76220.49888413542]","[846248.259221345, 702434.9193422275, 548686.849009045, 76220.49888413542]","[761424.3880669352, 633847.5719030095, 548686.849009045, 76220.49888413542]","[762571.3614722432, 652599.825073857, 548686.849009045, 76220.49888413542]","[798424.053652525, 651158.5830201955, 548686.849009045, 76220.49888413542]","[754601.9690953566, 635315.3769822756, 548686.849009045, 76220.49888413542]","[805524.1022150145, 651211.6400507707, 548686.849009045, 76220.49888413542]","[848315.8717161837, 705344.3644216689, 548686.849009045, 76220.49888413542]","[882659.4605842362, 711730.2191876656, 548686.849009045, 76220.49888413542]","[784781.7795981325, 662234.9781015612, 548686.849009045, 76220.49888413542]","[755519.7738322958, 662590.1945462336, 548686.849009045, 76220.49888413542]","[694297.0530323532, 618654.7627095025, 548686.849009045, 76220.49888413542]","[820833.8903456342, 651170.7691085084, 548686.849009045, 76220.49888413542]","[826527.3049890981, 660127.5341043929, 548686.849009045, 76220.49888413542]","[830558.8461480889, 696961.7306135079, 548686.849009045, 76220.49888413542]","[779454.8879555344, 635111.7989565305, 548686.849009045, 76220.49888413542]","[887870.841010709, 659598.6146938725, 548686.849009045, 76220.49888413542]","[678790.2177752586, 611383.0309650511, 548686.849009045, 76220.49888413542]","[874970.75203117, 636928.8192181885, 548686.849009045, 76220.49888413542]","[822992.9666254739, 647057.0980878992, 548686.849009045, 76220.49888413542]","[765525.8907764473, 627241.9575540678, 548686.849009045, 76220.49888413542]","[780945.5053069615, 633961.880755779, 548686.849009045, 76220.49888413542]","[846483.7619171562, 654487.565299573, 548686.849009045, 76220.49888413542]","[733989.532862945, 633698.0086127074, 548686.849009045, 76220.49888413542]","[757860.9371608924, 627547.6938868843, 548686.849009045, 76220.49888413542]","[760901.8745624897, 632542.8488180912, 548686.849009045, 76220.49888413542]","[770989.5478784223, 648253.3811828465, 548686.849009045, 76220.49888413542]","[752937.9306002094, 638442.1785948201, 548686.849009045, 76220.49888413542]","[762349.4785340227, 631881.9007833789, 548686.849009045, 76220.49888413542]","[898094.2186485702, 714889.5839478569, 548686.849009045, 76220.49888413542]","[744143.7332039562, 643546.6896961777, 548686.849009045, 76220.49888413542]","[828005.1300223354, 691611.1974314951, 548686.849009045, 76220.49888413542]","[763892.9364938289, 625549.3934555503, 548686.849009045, 76220.49888413542]","[878214.8386019834, 673614.6529524223, 548686.849009045, 76220.49888413542]","[923381.7422517833, 684224.8504791723, 548686.849009045, 76220.49888413542]","[741908.0626974658, 632808.1798850162, 548686.849009045, 76220.49888413542]","[909282.8316679688, 685295.0538039935, 548686.849009045, 76220.49888413542]","[819747.7573496592, 633832.0336352, 548686.849009045, 76220.49888413542]","[757224.6652336592, 637763.6955642017, 548686.849009045, 76220.49888413542]","[811783.4496577862, 627084.7687923221, 548686.849009045, 76220.49888413542]","[835676.2160368414, 686076.9261217606, 548686.849009045, 76220.49888413542]","[807178.2009804047, 650039.9210589972, 548686.849009045, 76220.49888413542]","[803139.1498343563, 651381.238461357, 548686.849009045, 76220.49888413542]","[701080.5669537288, 617084.3470604091, 548686.849009045, 76220.49888413542]","[749316.6337950956, 627570.9708804303, 548686.849009045, 76220.49888413542]","[742892.9189690283, 620664.9412086644, 548686.849009045, 76220.49888413542]","[820740.3720183497, 684200.4088378496, 548686.849009045, 76220.49888413542]","[911238.5539518007, 708398.820751738, 548686.849009045, 76220.49888413542]","[754817.4226335039, 637753.5170482172, 548686.849009045, 76220.49888413542]","[832081.9260149606, 647231.6393782594, 548686.849009045, 76220.49888413542]"
"[798570.6128456353, 657559.0268239651, 545430.0481362494, 79557.4099180929]","[764452.8421076394, 635035.015698192, 545430.0481362494, 79557.4099180929]","[859858.0321215524, 648249.9913776633, 545430.0481362494, 79557.4099180929]","[797982.1795659498, 631705.104714545, 545430.0481362494, 79557.4099180929]","[876106.633407205, 695508.4180029262, 545430.0481362494, 79557.4099180929]","[734939.773170208, 622810.1376036122, 545430.0481362494, 79557.4099180929]","[774578.0673809582, 631325.439654978, 545430.0481362494, 79557.4099180929]","[812847.2487152909, 672175.1614854881, 545430.0481362494, 79557.4099180929]","[861615.4584351266, 663773.7118540825, 545430.0481362494, 79557.4099180929]","[795778.0863716722, 630572.7036200563, 545430.0481362494, 79557.4099180929]","[836543.595783625, 707601.9016219889, 545430.0481362494, 79557.4099180929]","[791538.471619395, 631648.3558171686, 545430.0481362494, 79557.4099180929]","[794947.3827280863, 634623.2998689332, 545430.0481362494, 79557.4099180929]","[789841.776337306, 628354.5398809942, 545430.0481362494, 79557.4099180929]","[946877.5022210082, 692619.8844837031, 545430.0481362494, 79557.4099180929]","[792930.8018785738, 656950.6195301615, 545430.0481362494, 79557.4099180929]","[757898.4329056356, 625371.4187470193, 545430.0481362494, 79557.4099180929]","[753572.8555988538, 625139.4962144622, 545430.0481362494, 79557.4099180929]","[792220.4405492339, 635764.4492309975, 545430.0481362494, 79557.4099180929]","[791003.8034561534, 644987.3818514044, 545430.0481362494, 79557.4099180929]","[849270.4012485213, 652489.68228284, 545430.0481362494, 79557.4099180929]","[834702.4315914324, 676664.2268761107, 545430.0481362494, 79557.4099180929]","[790782.3277895213, 643841.8361662822, 545430.0481362494, 79557.4099180929]","[798461.9561748465, 632810.5813313447, 545430.0481362494, 79557.4099180929]","[805807.7849681503, 656475.9280761811, 545430.0481362494, 79557.4099180929]","[719011.9283862362, 613832.6122854641, 545430.0481362494, 79557.4099180929]","[805201.3845878982, 633112.6862117474, 545430.0481362494, 79557.4099180929]","[837342.2083168422, 671396.9989871522, 545430.0481362494, 79557.4099180929]","[789314.4614078534, 642042.5240401842, 545430.0481362494, 79557.4099180929]","[948972.6507794419, 684527.9137065723, 545430.0481362494, 79557.4099180929]","[752693.7471369428, 625224.9918622483, 545430.0481362494, 79557.4099180929]","[806382.5908147235, 638209.3674649106, 545430.0481362494, 79557.4099180929]","[736473.2052257066, 625757.5148560711, 545430.0481362494, 79557.4099180929]","[860697.3825771213, 681484.7469045804, 545430.0481362494, 79557.4099180929]","[811667.029749801, 635648.5822844305, 545430.0481362494, 79557.4099180929]","[805195.5019221059, 661428.5962044947, 545430.0481362494, 79557.4099180929]","[839891.0011779534, 666684.2304362827, 545430.0481362494, 79557.4099180929]","[789173.1597465987, 625083.8162775766, 545430.0481362494, 79557.4099180929]","[727143.4056450367, 612802.2118448893, 545430.0481362494, 79557.4099180929]","[713081.0850539745, 622502.940974732, 545430.0481362494, 79557.4099180929]","[844269.2472155936, 656200.5571879076, 545430.0481362494, 79557.4099180929]","[756102.3541806451, 623286.6853709766, 545430.0481362494, 79557.4099180929]","[776862.8234795324, 642124.5467519575, 545430.0481362494, 79557.4099180929]","[702156.9200886238, 614129.0633626072, 545430.0481362494, 79557.4099180929]","[844673.2412872836, 641883.3471141481, 545430.0481362494, 79557.4099180929]","[876832.8443431791, 680981.3168201759, 545430.0481362494, 79557.4099180929]","[853163.600654388, 661212.8948901482, 545430.0481362494, 79557.4099180929]","[958113.6846228883, 707811.340963052, 545430.0481362494, 79557.4099180929]","[764466.736619427, 638070.3802192529, 545430.0481362494, 79557.4099180929]","[944326.548101198, 721054.9476028619, 545430.0481362494, 79557.4099180929]"
"[820004.2728324743, 633523.2509441882, 543894.5261287843, 77123.46269189302]","[713979.9678474677, 613999.6497890186, 543894.5261287843, 77123.46269189302]","[771413.1412547108, 623663.7462998402, 543894.5261287843, 77123.46269189302]","[792447.5484513245, 647582.375772581, 543894.5261287843, 77123.46269189302]","[813500.819096574, 674561.2210974911, 543894.5261287843, 77123.46269189302]","[879852.2588514342, 697027.0647546755, 543894.5261287843, 77123.46269189302]","[775635.0362710336, 648922.6808350787, 543894.5261287843, 77123.46269189302]","[707478.7580997215, 622248.9108923313, 543894.5261287843, 77123.46269189302]","[771073.5660307019, 624192.6743658676, 543894.5261287843, 77123.46269189302]","[809799.2986114275, 704675.8788623883, 543894.5261287843, 77123.46269189302]","[851875.2716725274, 692033.9002314106, 543894.5261287843, 77123.46269189302]","[738362.062810794, 618951.8844367538, 543894.5261287843, 77123.46269189302]","[824326.2185886481, 690301.251513813, 543894.5261287843, 77123.46269189302]","[750078.7131145906, 614665.4560785048, 543894.5261287843, 77123.46269189302]","[800942.4525766628, 636924.9808417717, 543894.5261287843, 77123.46269189302]","[752049.6940772196, 616068.5277322211, 543894.5261287843, 77123.46269189302]","[784482.8411351951, 648547.3038944892, 543894.5261287843, 77123.46269189302]","[725851.7941659887, 627440.2777960758, 543894.5261287843, 77123.46269189302]","[782297.6604447549, 639048.9580134911, 543894.5261287843, 77123.46269189302]","[771989.5369751811, 632122.1560081799, 543894.5261287843, 77123.46269189302]","[734564.5724214176, 611351.7939994781, 543894.5261287843, 77123.46269189302]","[779606.8998995026, 623261.1744532046, 543894.5261287843, 77123.46269189302]","[925448.3464406482, 734106.2721560957, 543894.5261287843, 77123.46269189302]","[751036.6439658669, 615748.4241569604, 543894.5261287843, 77123.46269189302]","[718405.4592800546, 617111.7764546131, 543894.5261287843, 77123.46269189302]","[783638.1480489016, 633330.8150565184, 543894.5261287843, 77123.46269189302]","[864142.0562451535, 726318.9678880624, 543894.5261287843, 77123.46269189302]","[783202.1303302593, 654512.669126547, 543894.5261287843, 77123.46269189302]","[806040.4831385802, 653843.0993059174, 543894.5261287843, 77123.46269189302]","[729397.2231454912, 617062.9890583575, 543894.5261287843, 77123.46269189302]","[888245.8171836222, 638211.5794435829, 543894.5261287843, 77123.46269189302]","[742263.9094727181, 631415.3150568784, 543894.5261287843, 77123.46269189302]","[819236.8596003898, 642037.0571050955, 543894.5261287843, 77123.46269189302]","[760500.2916067487, 620138.493489895, 543894.5261287843, 77123.46269189302]","[752876.3476984204, 620224.2106664276, 543894.5261287843, 77123.46269189302]","[760495.0610025661, 620982.2368662198, 543894.5261287843, 77123.46269189302]","[787008.7008387652, 647385.1248641146, 543894.5261287843, 77123.46269189302]","[726374.8152079439, 619835.1253976078, 543894.5261287843, 77123.46269189302]","[764250.7764831202, 626893.9105800863, 543894.5261287843, 77123.46269189302]","[750142.2536322641, 627699.7419458607, 543894.5261287843, 77123.46269189302]","[861370.2130376357, 640021.2491674253, 543894.5261287843, 77123.46269189302]","[933836.3291650666, 673156.1742900708, 543894.5261287843, 77123.46269189302]","[706095.8260109796, 625982.9115176126, 543894.5261287843, 77123.46269189302]","[860472.1199267593, 657288.4436250132, 543894.5261287843, 77123.46269189302]","[817516.2797103182, 655221.1766107553, 543894.5261287843, 77123.46269189302]","[749321.3616715482, 618806.900636624, 543894.5261287843, 77123.46269189302]","[821256.0322956949, 680273.9621843123, 543894.5261287843, 77123.46269189302]","[831736.7871923128, 691798.1027595957, 543894.5261287843, 77123.46269189302]","[785166.7466410357, 656658.4111562707, 543894.5261287843, 77123.46269189302]","[853596.2716138175, 685110.9344780162, 543894.5261287843, 77123.46269189302]"
"[726261.5162051908, 618135.5252436103, 542150.4044725121, 78014.37808488574]","[803180.7613022665, 641229.0480143571, 542150.4044725121, 78014.37808488574]","[845967.6868434423, 651970.6989247587, 542150.4044725121, 78014.37808488574]","[778569.034603932, 637322.4218122244, 542150.4044725121, 78014.37808488574]","[731103.593371872, 619872.8044201435, 542150.4044725121, 78014.37808488574]","[770635.4773750058, 621790.5175590665, 542150.4044725121, 78014.37808488574]","[870798.2178493632, 657270.0527607485, 542150.4044725121, 78014.37808488574]","[740919.8139089368, 615954.6850126516, 542150.4044725121, 78014.37808488574]","[818539.8011708753, 631620.8791045707, 542150.4044725121, 78014.37808488574]","[795339.1170638056, 640828.3137932948, 542150.4044725121, 78014.37808488574]","[788152.0629265431, 643249.3247808899, 542150.4044725121, 78014.37808488574]","[744964.9118518344, 626273.1332134235, 542150.4044725121, 78014.37808488574]","[862456.7761313312, 720326.6903285675, 542150.4044725121, 78014.37808488574]","[871966.9784066463, 700432.0474948761, 542150.4044725121, 78014.37808488574]","[852679.4701354377, 714073.8360220273, 542150.4044725121, 78014.37808488574]","[847052.1563739209, 630748.3403096937, 542150.4044725121, 78014.37808488574]","[864337.3074948562, 679357.257267461, 542150.4044725121, 78014.37808488574]","[720988.7430919606, 620657.5615725921, 542150.4044725121, 78014.37808488574]","[845454.4492472892, 629040.2194962326, 542150.4044725121, 78014.37808488574]","[688140.8095450568, 606748.1887083822, 542150.4044725121, 78014.37808488574]","[760297.7414425695, 623007.0699613165, 542150.4044725121, 78014.37808488574]","[886070.6497246773, 682972.2393409502, 542150.4044725121, 78014.37808488574]","[893544.6884102507, 741257.2684505244, 542150.4044725121, 78014.37808488574]","[887243.3565611579, 659858.4296089499, 542150.4044725121, 78014.37808488574]","[848942.9363811113, 664321.547253916, 542150.4044725121, 78014.37808488574]","[922606.2852201058, 685236.7730262992, 542150.4044725121, 78014.37808488574]","[807948.2699679591, 666053.6695932843, 542150.4044725121, 78014.37808488574]","[832824.455579598, 659982.9338072017, 542150.4044725121, 78014.37808488574]","[825415.0171819711, 647171.6478719956, 542150.4044725121, 78014.37808488574]","[843885.6738356405, 654907.3332573827, 542150.4044725121, 78014.37808488574]","[869113.7870943287, 626730.1388205433, 542150.4044725121, 78014.37808488574]","[788540.849074104, 629758.2610293675, 542150.4044725121, 78014.37808488574]","[794638.0892023353, 652054.0502943089, 542150.4044725121, 78014.37808488574]","[792412.4581735788, 645496.3740248849, 542150.4044725121, 78014.37808488574]","[842481.0405794581, 667609.7550644804, 542150.4044725121, 78014.37808488574]","[784424.9629144934, 631347.5322528064, 542150.4044725121, 78014.37808488574]","[796215.2269984272, 626166.0476768517, 542150.4044725121, 78014.37808488574]","[935127.4922453742, 713432.3323495559, 542150.4044725121, 78014.37808488574]","[725129.1836874901, 619048.0808263302, 542150.4044725121, 78014.37808488574]","[856146.310878229, 679223.3877822835, 542150.4044725121, 78014.37808488574]","[738779.3345901745, 629685.2364568879, 542150.4044725121, 78014.37808488574]","[809991.4895428452, 638216.7965689305, 542150.4044725121, 78014.37808488574]","[727024.433295034, 613006.8847811068, 542150.4044725121, 78014.37808488574]","[772478.0307988822, 640598.4469405108, 542150.4044725121, 78014.37808488574]","[746783.8895589501, 618800.5630362624, 542150.4044725121, 78014.37808488574]","[743986.8744265552, 622888.6389143389, 542150.4044725121, 78014.37808488574]","[794879.5054519579, 634077.8155043984, 542150.4044725121, 78014.37808488574]","[837614.6291765439, 629777.4010014293, 542150.4044725121, 78014.37808488574]","[883484.0227225614, 622642.9467258495, 542150.4044725121, 78014.37808488574]","[755449.7266484873, 635494.4274661663, 542150.4044725121, 78014.37808488574]"
"[987021.2023918959, 754916.9940849547, 573663.8353079179, 76282.00044940658]","[832068.6847944411, 680375.7221890927, 573663.8353079179, 76282.00044940658]","[905251.7847555254, 734068.5880544141, 573663.8353079179, 76282.00044940658]","[780356.4904095192, 655906.4206710113, 573663.8353079179, 76282.00044940658]","[839852.5834513389, 656941.5831196948, 573663.8353079179, 76282.00044940658]","[833341.763172992, 662599.7065426204, 573663.8353079179, 76282.00044940658]","[951474.0571498787, 690766.2453611725, 573663.8353079179, 76282.00044940658]","[829496.1811950092, 680906.259347128, 573663.8353079179, 76282.00044940658]","[880804.8538902065, 701938.0565184446, 573663.8353079179, 76282.00044940658]","[765999.546664998, 656021.1440723091, 573663.8353079179, 76282.00044940658]","[875506.0039262795, 686932.8479165137, 573663.8353079179, 76282.00044940658]","[871623.784500541, 707312.2039481758, 573663.8353079179, 76282.00044940658]","[715360.027080823, 638196.9152236182, 573663.8353079179, 76282.00044940658]","[818662.3502224345, 674124.7592914163, 573663.8353079179, 76282.00044940658]","[850108.7676519839, 659761.4520883057, 573663.8353079179, 76282.00044940658]","[862824.0107950604, 724252.7805467687, 573663.8353079179, 76282.00044940658]","[794914.469617986, 670525.942875269, 573663.8353079179, 76282.00044940658]","[856058.508571635, 661005.1251892983, 573663.8353079179, 76282.00044940658]","[959874.533728226, 722900.9265872794, 573663.8353079179, 76282.00044940658]","[781259.4863765246, 673912.8199900201, 573663.8353079179, 76282.00044940658]","[820472.1789302243, 679122.3173240906, 573663.8353079179, 76282.00044940658]","[853333.0611887283, 698070.7903699981, 573663.8353079179, 76282.00044940658]","[802799.8892494211, 645920.2355923007, 573663.8353079179, 76282.00044940658]","[775818.5029517192, 654205.3230670985, 573663.8353079179, 76282.00044940658]","[881574.4419872017, 708046.395819613, 573663.8353079179, 76282.00044940658]","[922788.2273965168, 675577.4196040248, 573663.8353079179, 76282.00044940658]","[985564.1312780505, 814276.9785913877, 573663.8353079179, 76282.00044940658]","[801214.7567357561, 650913.2246131145, 573663.8353079179, 76282.00044940658]","[794401.998925866, 663724.2487036295, 573663.8353079179, 76282.00044940658]","[858173.3966624979, 678478.5220647369, 573663.8353079179, 76282.00044940658]","[859343.3820398579, 755787.0338405671, 573663.8353079179, 76282.00044940658]","[788635.3478108962, 654978.0111311427, 573663.8353079179, 76282.00044940658]","[935250.4309625613, 701194.1180993714, 573663.8353079179, 76282.00044940658]","[804809.4293425144, 657552.6514767595, 573663.8353079179, 76282.00044940658]","[882201.8489650524, 664584.4203204585, 573663.8353079179, 76282.00044940658]","[767701.4472000571, 649814.7414836263, 573663.8353079179, 76282.00044940658]","[840516.4182144207, 676786.8599415869, 573663.8353079179, 76282.00044940658]","[927737.1308627453, 701881.5482582704, 573663.8353079179, 76282.00044940658]","[831053.2112207231, 669725.7965912513, 573663.8353079179, 76282.00044940658]","[847282.4142130434, 660537.7279671635, 573663.8353079179, 76282.00044940658]","[886008.1394127822, 695312.5832539373, 573663.8353079179, 76282.00044940658]","[818526.8669380654, 667261.0842762366, 573663.8353079179, 76282.00044940658]","[832560.3209102721, 663293.1940687412, 573663.8353079179, 76282.00044940658]","[957008.7102571412, 724690.4260104254, 573663.8353079179, 76282.00044940658]","[802171.8836558969, 649435.167074097, 573663.8353079179, 76282.00044940658]","[939507.206350196, 756636.1312777067, 573663.8353079179, 76282.00044940658]","[761801.2017365324, 656270.4476573052, 573663.8353079179, 76282.00044940658]","[784327.7210025456, 664652.5109653864, 573663.8353079179, 76282.00044940658]","[912893.779485335, 749189.2640959764, 573663.8353079179, 76282.00044940658]","[791881.4280132273, 668219.4050275523, 573663.8353079179, 76282.00044940658]"
"[728097.8010284642, 615340.8775706029, 526699.9758789442, 71749.03331589366]","[715695.8262440279, 607605.330224603, 526699.9758789442, 71749.03331589366]","[845569.1558350833, 632234.596707317, 526699.9758789442, 71749.03331589366]","[722458.9371772051, 599813.7650133907, 526699.9758789442, 71749.03331589366]","[689225.5428067872, 593748.2435873098, 526699.9758789442, 71749.03331589366]","[743976.9468139439, 595690.5606613779, 526699.9758789442, 71749.03331589366]","[785251.6040701151, 629893.3485467051, 526699.9758789442, 71749.03331589366]","[839379.406988389, 616865.2281295486, 526699.9758789442, 71749.03331589366]","[780889.8441666852, 619914.842737387, 526699.9758789442, 71749.03331589366]","[707144.1179071064, 593793.8388933835, 526699.9758789442, 71749.03331589366]","[788315.9873904419, 633387.8821761344, 526699.9758789442, 71749.03331589366]","[818433.9753353643, 666396.9967861894, 526699.9758789442, 71749.03331589366]","[782017.3983915033, 609011.2139363302, 526699.9758789442, 71749.03331589366]","[758057.0959356033, 620757.9282935173, 526699.9758789442, 71749.03331589366]","[812158.3626458765, 620535.8723053067, 526699.9758789442, 71749.03331589366]","[799462.8848909951, 616641.538498758, 526699.9758789442, 71749.03331589366]","[787174.5947223733, 642955.1315572731, 526699.9758789442, 71749.03331589366]","[731603.6100334167, 601218.4938660505, 526699.9758789442, 71749.03331589366]","[767292.6645395512, 610542.735799929, 526699.9758789442, 71749.03331589366]","[712966.5332098516, 606684.0521494577, 526699.9758789442, 71749.03331589366]","[836192.8793265779, 643572.5764425315, 526699.9758789442, 71749.03331589366]","[739837.7895906416, 595614.8282245884, 526699.9758789442, 71749.03331589366]","[725072.8507038603, 608049.8160184353, 526699.9758789442, 71749.03331589366]","[872431.3830196911, 675435.7382320422, 526699.9758789442, 71749.03331589366]","[799154.9421157726, 617834.0166635943, 526699.9758789442, 71749.03331589366]","[824398.0996567105, 618978.7597562065, 526699.9758789442, 71749.03331589366]","[749956.61995548, 609634.317111107, 526699.9758789442, 71749.03331589366]","[697449.7226666841, 604671.5889091326, 526699.9758789442, 71749.03331589366]","[724342.5026261825, 606454.974656758, 526699.9758789442, 71749.03331589366]","[781938.074398923, 630393.6809230325, 526699.9758789442, 71749.03331589366]","[804308.1690360437, 652489.8840443286, 526699.9758789442, 71749.03331589366]","[742646.6016149571, 593324.6666022328, 526699.9758789442, 71749.03331589366]","[780389.8691927766, 615976.655651088, 526699.9758789442, 71749.03331589366]","[764050.258803261, 630273.8412829752, 526699.9758789442, 71749.03331589366]","[819748.7673805475, 626633.2335909982, 526699.9758789442, 71749.03331589366]","[786317.0248607997, 603306.0813421214, 526699.9758789442, 71749.03331589366]","[842024.5020889096, 642882.9284260754, 526699.9758789442, 71749.03331589366]","[900515.4016979751, 706497.6698397431, 526699.9758789442, 71749.03331589366]","[802868.3808123738, 624592.0189730655, 526699.9758789442, 71749.03331589366]","[710011.7920351921, 604298.4324881451, 526699.9758789442, 71749.03331589366]","[898883.7136624003, 742990.4115810853, 526699.9758789442, 71749.03331589366]","[751535.598460742, 614781.9669573425, 526699.9758789442, 71749.03331589366]","[750276.2121796905, 617929.7541181515, 526699.9758789442, 71749.03331589366]","[740803.6303072703, 623407.9669363752, 526699.9758789442, 71749.03331589366]","[748288.1955907568, 617507.573788919, 526699.9758789442, 71749.03331589366]","[756127.0369632343, 613411.4173930394, 526699.9758789442, 71749.03331589366]","[774901.5879888977, 613792.8676590722, 526699.9758789442, 71749.03331589366]","[773294.5290791114, 624187.3919921817, 526699.9758789442, 71749.03331589366]","[763416.9532541092, 623612.9540835331, 526699.9758789442, 71749.03331589366]","[806300.521274675, 660774.9816536051, 526699.9758789442, 71749.03331589366]"
"[819615.1166339166, 677627.6484731865, 542493.9031364679, 75797.30700245764]","[884527.0435004719, 702948.8685047792, 542493.9031364679, 75797.30700245764]","[806875.417438065, 646069.1432328369, 542493.9031364679, 75797.30700245764]","[865736.4664449297, 691676.6542153303, 542493.9031364679, 75797.30700245764]","[735924.9752853336, 626096.3482909278, 542493.9031364679, 75797.30700245764]","[767480.6771155485, 627889.9670427315, 542493.9031364679, 75797.30700245764]","[760956.5561444268, 612451.1088505832, 542493.9031364679, 75797.30700245764]","[884084.2511058962, 658207.3762273578, 542493.9031364679, 75797.30700245764]","[883119.599356901, 665848.8253305219, 542493.9031364679, 75797.30700245764]","[821493.9820629836, 656055.1164780762, 542493.9031364679, 75797.30700245764]","[837566.5479737517, 668077.3958977762, 542493.9031364679, 75797.30700245764]","[812210.6406664012, 644020.6958552395, 542493.9031364679, 75797.30700245764]","[820363.2864594716, 638991.5147228234, 542493.9031364679, 75797.30700245764]","[804491.9142283321, 638665.6508368968, 542493.9031364679, 75797.30700245764]","[760335.9318636012, 631147.713109521, 542493.9031364679, 75797.30700245764]","[735450.122210704, 612671.5264397521, 542493.9031364679, 75797.30700245764]","[823312.1327867422, 649657.1583175414, 542493.9031364679, 75797.30700245764]","[788458.5089627545, 626669.4054067599, 542493.9031364679, 75797.30700245764]","[790584.3985627005, 607485.0545514872, 542493.9031364679, 75797.30700245764]","[763695.0349052793, 630671.2848521016, 542493.9031364679, 75797.30700245764]","[820372.3738038483, 651728.1640321672, 542493.9031364679, 75797.30700245764]","[931897.4188515212, 649781.5913044384, 542493.9031364679, 75797.30700245764]","[825307.0945098517, 630987.6212706657, 542493.9031364679, 75797.30700245764]","[853238.2719938451, 639996.0462046757, 542493.9031364679, 75797.30700245764]","[817088.0632578247, 651495.8412275716, 542493.9031364679, 75797.30700245764]","[807891.3122815046, 632403.9563728861, 542493.9031364679, 75797.30700245764]","[790684.517130307, 655689.6292072335, 542493.9031364679, 75797.30700245764]","[774901.9948608815, 625439.3507775737, 542493.9031364679, 75797.30700245764]","[842915.1146363805, 659240.68334698, 542493.9031364679, 75797.30700245764]","[805675.5974741622, 632214.9245320759, 542493.9031364679, 75797.30700245764]","[713369.243737861, 616886.4979431345, 542493.9031364679, 75797.30700245764]","[704016.5736811488, 611351.776007739, 542493.9031364679, 75797.30700245764]","[743215.2650489846, 625250.068872301, 542493.9031364679, 75797.30700245764]","[804356.5712870085, 632534.0608062538, 542493.9031364679, 75797.30700245764]","[793022.346977519, 639152.7913109387, 542493.9031364679, 75797.30700245764]","[911971.383506849, 751255.355760082, 542493.9031364679, 75797.30700245764]","[792789.1039942128, 628680.4372367692, 542493.9031364679, 75797.30700245764]","[758837.9773325254, 630733.6170467071, 542493.9031364679, 75797.30700245764]","[794922.4499465789, 623855.2726339602, 542493.9031364679, 75797.30700245764]","[813251.1362287248, 641547.0834985318, 542493.9031364679, 75797.30700245764]","[726020.8121867359, 619964.8625792081, 542493.9031364679, 75797.30700245764]","[779000.0498031812, 613111.6353375671, 542493.9031364679, 75797.30700245764]","[746491.1683910214, 622303.1031924944, 542493.9031364679, 75797.30700245764]","[847235.8865461994, 680158.5425616816, 542493.9031364679, 75797.30700245764]","[733364.1094689723, 610230.0027853369, 542493.9031364679, 75797.30700245764]","[723723.6916159815, 617471.4925030929, 542493.9031364679, 75797.30700245764]","[727462.4983653413, 614194.036086804, 542493.9031364679, 75797.30700245764]","[808990.1829778854, 660948.8079342896, 542493.9031364679, 75797.30700245764]","[708281.7913864474, 610868.1298494041, 542493.9031364679, 75797.30700245764]","[851727.0953898507, 684363.3533635781, 542493.9031364679, 75797.30700245764]"
"[779389.740012859, 624429.7727050066, 533851.7372223964, 69491.71883235681]","[766708.3950143524, 620919.057182973, 533851.7372223964, 69491.71883235681]","[712609.0022519014, 611004.1166419827, 533851.7372223964, 69491.71883235681]","[780446.5997847426, 629320.9822473753, 533851.7372223964, 69491.71883235681]","[854176.0890925651, 638766.4389011989, 533851.7372223964, 69491.71883235681]","[812367.4857634106, 629210.4254191259, 533851.7372223964, 69491.71883235681]","[686860.7245602554, 596854.5770336225, 533851.7372223964, 69491.71883235681]","[808984.478130012, 625587.70955325, 533851.7372223964, 69491.71883235681]","[838665.5355705653, 686362.9797019139, 533851.7372223964, 69491.71883235681]","[769893.7202210573, 610700.8712024004, 533851.7372223964, 69491.71883235681]","[798819.3821720874, 657604.0616981416, 533851.7372223964, 69491.71883235681]","[719202.5175356823, 605987.176638287, 533851.7372223964, 69491.71883235681]","[724253.4949415921, 616029.505558396, 533851.7372223964, 69491.71883235681]","[743347.3238939709, 625637.0917731453, 533851.7372223964, 69491.71883235681]","[854615.991890547, 669892.1054667134, 533851.7372223964, 69491.71883235681]","[698337.5245885935, 605944.1334450503, 533851.7372223964, 69491.71883235681]","[817873.4769008025, 686397.4459759546, 533851.7372223964, 69491.71883235681]","[706583.6426358065, 592806.267674594, 533851.7372223964, 69491.71883235681]","[744797.3204165815, 602150.0105699848, 533851.7372223964, 69491.71883235681]","[955645.2060317948, 630131.3930137306, 533851.7372223964, 69491.71883235681]","[746329.2785227038, 628171.7860119123, 533851.7372223964, 69491.71883235681]","[796016.4749686192, 630232.9981639582, 533851.7372223964, 69491.71883235681]","[719333.0159336845, 626134.8274269439, 533851.7372223964, 69491.71883235681]","[879304.7840256491, 654210.4330505431, 533851.7372223964, 69491.71883235681]","[972436.0216949686, 783419.9196486325, 533851.7372223964, 69491.71883235681]","[717109.5093778352, 605524.6561608172, 533851.7372223964, 69491.71883235681]","[737615.8829502759, 601757.8843867211, 533851.7372223964, 69491.71883235681]","[793942.6443365882, 673693.7761485531, 533851.7372223964, 69491.71883235681]","[870799.6910853923, 647866.3377592036, 533851.7372223964, 69491.71883235681]","[746755.0018276022, 606090.9867594811, 533851.7372223964, 69491.71883235681]","[751756.0736775169, 623201.5439306212, 533851.7372223964, 69491.71883235681]","[783960.5700245632, 634863.9919237631, 533851.7372223964, 69491.71883235681]","[735265.9671621049, 612810.6764470579, 533851.7372223964, 69491.71883235681]","[711060.2974740826, 607093.0235035216, 533851.7372223964, 69491.71883235681]","[776475.1550294312, 618593.8882136422, 533851.7372223964, 69491.71883235681]","[748792.4650179205, 616208.3032663979, 533851.7372223964, 69491.71883235681]","[795659.0732981961, 606740.1382530667, 533851.7372223964, 69491.71883235681]","[846041.9098493374, 651435.0393766062, 533851.7372223964, 69491.71883235681]","[687288.6755735677, 595084.853547564, 533851.7372223964, 69491.71883235681]","[739215.6643932902, 635771.210461854, 533851.7372223964, 69491.71883235681]","[775248.8365953874, 625193.2029988065, 533851.7372223964, 69491.71883235681]","[832309.2578887488, 651230.5870013626, 533851.7372223964, 69491.71883235681]","[808448.6810736075, 665736.2482790583, 533851.7372223964, 69491.71883235681]","[705490.6785227411, 601325.3369388744, 533851.7372223964, 69491.71883235681]","[764442.4928347253, 628826.5764946487, 533851.7372223964, 69491.71883235681]","[752770.2988058947, 608642.460034618, 533851.7372223964, 69491.71883235681]","[831321.0859795553, 661184.8461264923, 533851.7372223964, 69491.71883235681]","[740447.6822153415, 599971.9002086099, 533851.7372223964, 69491.71883235681]","[689642.8006051529, 603586.7867587354, 533851.7372223964, 69491.71883235681]","[720643.8643274109, 600755.7025590595, 533851.7372223964, 69491.71883235681]"
"[714569.3768296939, 593425.925817738, 512192.2577155224, 69528.33204724693]","[786279.6140119792, 605617.6888143824, 512192.2577155224, 69528.33204724693]","[764084.3698987786, 584358.9600339899, 512192.2577155224, 69528.33204724693]","[777622.4859649403, 619829.16864023, 512192.2577155224, 69528.33204724693]","[755337.5835519581, 611078.3140415545, 512192.2577155224, 69528.33204724693]","[814070.8234204223, 610910.8276163307, 512192.2577155224, 69528.33204724693]","[741066.4381617398, 619879.978603835, 512192.2577155224, 69528.33204724693]","[738110.3763144799, 598159.1762917796, 512192.2577155224, 69528.33204724693]","[690332.6561245625, 581740.0368099286, 512192.2577155224, 69528.33204724693]","[713287.5219923309, 605855.1605408295, 512192.2577155224, 69528.33204724693]","[749102.8845400338, 613468.8080742302, 512192.2577155224, 69528.33204724693]","[786334.5234616256, 647789.7985231129, 512192.2577155224, 69528.33204724693]","[742228.7325776786, 593372.3177398151, 512192.2577155224, 69528.33204724693]","[750291.9850061862, 594033.2965563359, 512192.2577155224, 69528.33204724693]","[749516.866349221, 593197.7285558246, 512192.2577155224, 69528.33204724693]","[777274.85845727, 626332.620200188, 512192.2577155224, 69528.33204724693]","[685285.2623312805, 580617.1976336471, 512192.2577155224, 69528.33204724693]","[784418.967453619, 613718.7408997804, 512192.2577155224, 69528.33204724693]","[735071.109333313, 595380.157277981, 512192.2577155224, 69528.33204724693]","[729894.4960966749, 585697.6785130667, 512192.2577155224, 69528.33204724693]","[742438.5180568902, 592940.0141310404, 512192.2577155224, 69528.33204724693]","[698503.2201116713, 576700.2879670417, 512192.2577155224, 69528.33204724693]","[728981.3552780099, 590258.2107821859, 512192.2577155224, 69528.33204724693]","[809588.1988494536, 629955.107130322, 512192.2577155224, 69528.33204724693]","[688550.131428699, 582575.1998943851, 512192.2577155224, 69528.33204724693]","[892769.6135558214, 682523.6832016069, 512192.2577155224, 69528.33204724693]","[757995.7714102899, 587468.2071542144, 512192.2577155224, 69528.33204724693]","[725096.1145984698, 606563.573250299, 512192.2577155224, 69528.33204724693]","[836754.6181181057, 647327.363190176, 512192.2577155224, 69528.33204724693]","[723250.5448825673, 600285.7351464102, 512192.2577155224, 69528.33204724693]","[720833.6197665842, 586002.25395884, 512192.2577155224, 69528.33204724693]","[776471.0122502489, 630106.419978435, 512192.2577155224, 69528.33204724693]","[802469.8688281203, 624201.164129782, 512192.2577155224, 69528.33204724693]","[681052.934474823, 578943.5682712321, 512192.2577155224, 69528.33204724693]","[707725.5149351611, 574154.692855419, 512192.2577155224, 69528.33204724693]","[729789.1861213341, 625946.4121895235, 512192.2577155224, 69528.33204724693]","[743901.5374829848, 614077.8823899719, 512192.2577155224, 69528.33204724693]","[741177.9237104886, 581185.2902283268, 512192.2577155224, 69528.33204724693]","[708453.4959449673, 587669.1632540028, 512192.2577155224, 69528.33204724693]","[722133.6487291319, 591982.7474901144, 512192.2577155224, 69528.33204724693]","[714327.123731214, 615938.308618126, 512192.2577155224, 69528.33204724693]","[705394.5369359156, 577814.4173792542, 512192.2577155224, 69528.33204724693]","[728198.0506523229, 593446.6819326484, 512192.2577155224, 69528.33204724693]","[786006.5850445539, 662637.678031324, 512192.2577155224, 69528.33204724693]","[686567.813003071, 599655.4767052194, 512192.2577155224, 69528.33204724693]","[707501.264455723, 575515.415886865, 512192.2577155224, 69528.33204724693]","[739880.7414060578, 593145.3576703259, 512192.2577155224, 69528.33204724693]","[740051.2773637247, 592182.2159149972, 512192.2577155224, 69528.33204724693]","[761529.8898285106, 591977.6743136813, 512192.2577155224, 69528.33204724693]","[783709.2812167241, 613579.2222607364, 512192.2577155224, 69528.33204724693]"
"[732357.5916101, 602721.9656224711, 497328.937921608, 68783.58499936541]","[828421.217048879, 615989.1730752012, 497328.937921608, 68783.58499936541]","[659114.0727889074, 565274.760610867, 497328.937921608, 68783.58499936541]","[772279.2723742997, 620802.7293564822, 497328.937921608, 68783.58499936541]","[682413.263754483, 568822.1395920042, 497328.937921608, 68783.58499936541]","[830278.2133897558, 653538.754343443, 497328.937921608, 68783.58499936541]","[787401.5093602011, 577591.148339846, 497328.937921608, 68783.58499936541]","[779732.8766124852, 603654.9110421363, 497328.937921608, 68783.58499936541]","[642597.9197772654, 573911.4177711812, 497328.937921608, 68783.58499936541]","[724550.5521322853, 572440.8330691004, 497328.937921608, 68783.58499936541]","[679018.5372308849, 563701.537773374, 497328.937921608, 68783.58499936541]","[714891.571414437, 576045.753211415, 497328.937921608, 68783.58499936541]","[718580.4940689915, 579991.7232977042, 497328.937921608, 68783.58499936541]","[702934.5108223254, 578003.4331102527, 497328.937921608, 68783.58499936541]","[664659.0930978067, 560702.8557574692, 497328.937921608, 68783.58499936541]","[699023.0776860184, 564738.3398692388, 497328.937921608, 68783.58499936541]","[730499.8771231434, 595831.4616538978, 497328.937921608, 68783.58499936541]","[734398.9830248102, 585335.1969061714, 497328.937921608, 68783.58499936541]","[747556.7602694728, 591274.1632937319, 497328.937921608, 68783.58499936541]","[728892.0668993016, 600769.6337912588, 497328.937921608, 68783.58499936541]","[735309.0549296302, 583504.2267223989, 497328.937921608, 68783.58499936541]","[776218.6591452282, 632300.409037619, 497328.937921608, 68783.58499936541]","[675274.5619595874, 559911.3359009242, 497328.937921608, 68783.58499936541]","[736269.3111948373, 585653.7296308784, 497328.937921608, 68783.58499936541]","[790468.5188764438, 647024.3994489947, 497328.937921608, 68783.58499936541]","[731050.5411323321, 578872.1854924853, 497328.937921608, 68783.58499936541]","[767345.47965844, 610029.3684834082, 497328.937921608, 68783.58499936541]","[744165.6542923821, 613827.4235716333, 497328.937921608, 68783.58499936541]","[750987.4826072439, 566891.1420107377, 497328.937921608, 68783.58499936541]","[823488.5757447751, 642403.1634117134, 497328.937921608, 68783.58499936541]","[793698.1635911409, 631176.8995686864, 497328.937921608, 68783.58499936541]","[719676.319400238, 598639.4616459216, 497328.937921608, 68783.58499936541]","[724587.9668355046, 575492.3448051403, 497328.937921608, 68783.58499936541]","[802153.2935419845, 641778.6794222404, 497328.937921608, 68783.58499936541]","[728532.2716242506, 575605.4045676109, 497328.937921608, 68783.58499936541]","[658538.9454661438, 561430.4650802271, 497328.937921608, 68783.58499936541]","[739484.2238346057, 572144.4561268971, 497328.937921608, 68783.58499936541]","[724562.3041648951, 580941.5388424172, 497328.937921608, 68783.58499936541]","[694280.8563999214, 570448.9073276148, 497328.937921608, 68783.58499936541]","[743411.9885659273, 596187.771320112, 497328.937921608, 68783.58499936541]","[813334.2659992437, 589893.9692870255, 497328.937921608, 68783.58499936541]","[736660.4178059071, 595723.3603383879, 497328.937921608, 68783.58499936541]","[721729.2259506362, 581565.622297042, 497328.937921608, 68783.58499936541]","[814378.8536006333, 641208.2439321191, 497328.937921608, 68783.58499936541]","[642326.0432519376, 573375.7101724352, 497328.937921608, 68783.58499936541]","[779502.5474293204, 615351.8766783925, 497328.937921608, 68783.58499936541]","[758299.5989708292, 581184.7311801445, 497328.937921608, 68783.58499936541]","[728847.3228150578, 601690.6446300936, 497328.937921608, 68783.58499936541]","[791158.575373851, 589025.4116964384, 497328.937921608, 68783.58499936541]","[723396.9191067907, 589574.3067416645, 497328.937921608, 68783.58499936541]"
"[802215.5173164029, 650164.9635048871, 562197.7684229213, 68453.08939351201]","[742501.2806212674, 629529.8517420706, 562197.7684229213, 68453.08939351201]","[757782.6790037714, 644916.6228042103, 562197.7684229213, 68453.08939351201]","[895475.6879506621, 707463.4664717233, 562197.7684229213, 68453.08939351201]","[822323.8886794097, 678876.9190946007, 562197.7684229213, 68453.08939351201]","[795837.9470410321, 648409.2784647266, 562197.7684229213, 68453.08939351201]","[787528.1452366576, 653559.2463967892, 562197.7684229213, 68453.08939351201]","[862095.7880404963, 687881.2803095583, 562197.7684229213, 68453.08939351201]","[944857.2263059469, 747836.7280350097, 562197.7684229213, 68453.08939351201]","[790738.9736303246, 657461.7878051581, 562197.7684229213, 68453.08939351201]","[881944.5525223113, 656984.2261271031, 562197.7684229213, 68453.08939351201]","[765519.9687732565, 640899.3126366877, 562197.7684229213, 68453.08939351201]","[760363.6017824508, 632024.2473118417, 562197.7684229213, 68453.08939351201]","[751046.2631670877, 629995.7231171398, 562197.7684229213, 68453.08939351201]","[809239.5514531498, 659681.6794569397, 562197.7684229213, 68453.08939351201]","[799719.5847667427, 656492.3776795603, 562197.7684229213, 68453.08939351201]","[799805.6980200628, 657142.8971049016, 562197.7684229213, 68453.08939351201]","[749240.2090246459, 629144.7523099972, 562197.7684229213, 68453.08939351201]","[784942.4009198773, 639511.8708445214, 562197.7684229213, 68453.08939351201]","[858740.6730302483, 682332.1840228505, 562197.7684229213, 68453.08939351201]","[829091.4090840936, 694101.3484673916, 562197.7684229213, 68453.08939351201]","[884392.972698961, 686853.7574205444, 562197.7684229213, 68453.08939351201]","[759785.8355824562, 646374.2359561892, 562197.7684229213, 68453.08939351201]","[825384.2136299188, 683404.1138528486, 562197.7684229213, 68453.08939351201]","[788210.7090019732, 656066.2068744025, 562197.7684229213, 68453.08939351201]","[787032.4559574188, 645471.232073858, 562197.7684229213, 68453.08939351201]","[899107.9467869293, 712129.1355202555, 562197.7684229213, 68453.08939351201]","[754603.230896051, 630860.8412199685, 562197.7684229213, 68453.08939351201]","[839582.4684071232, 659655.4449815665, 562197.7684229213, 68453.08939351201]","[776368.7484628317, 632922.1841738684, 562197.7684229213, 68453.08939351201]","[797761.3772239368, 631238.2259649379, 562197.7684229213, 68453.08939351201]","[875999.2903975518, 679172.6816512586, 562197.7684229213, 68453.08939351201]","[896572.4067255991, 706380.8230232093, 562197.7684229213, 68453.08939351201]","[861708.3407629221, 666393.9049226909, 562197.7684229213, 68453.08939351201]","[827829.1490785081, 660702.9883420051, 562197.7684229213, 68453.08939351201]","[745860.838023728, 628798.29972683, 562197.7684229213, 68453.08939351201]","[732277.3088363141, 635079.4923734304, 562197.7684229213, 68453.08939351201]","[729280.689335233, 631854.0324181366, 562197.7684229213, 68453.08939351201]","[750171.7643139679, 634096.4643395133, 562197.7684229213, 68453.08939351201]","[810937.8632663217, 639099.6321674736, 562197.7684229213, 68453.08939351201]","[813471.4534971184, 656627.6720540661, 562197.7684229213, 68453.08939351201]","[781066.2873015412, 633725.024948384, 562197.7684229213, 68453.08939351201]","[774407.2117035437, 654363.5060721888, 562197.7684229213, 68453.08939351201]","[822933.216621314, 676165.7152987213, 562197.7684229213, 68453.08939351201]","[758559.0306090554, 640329.3303546543, 562197.7684229213, 68453.08939351201]","[816039.7526748714, 633549.1198191782, 562197.7684229213, 68453.08939351201]","[907602.0042971835, 647033.5206037909, 562197.7684229213, 68453.08939351201]","[934543.1250904944, 694629.2244721787, 562197.7684229213, 68453.08939351201]","[882568.7922945988, 679607.6159238494, 562197.7684229213, 68453.08939351201]","[731294.7773131579, 627761.4716574465, 562197.7684229213, 68453.08939351201]"
"[813444.2234038603, 652639.2348838844, 555871.0918665515, 75945.60680068044]","[955166.2735427635, 734132.4010004171, 555871.0918665515, 75945.60680068044]","[837621.9430680501, 643762.3179726455, 555871.0918665515, 75945.60680068044]","[771266.5291169261, 624905.6418924709, 555871.0918665515, 75945.60680068044]","[841948.8833523015, 653530.0333579781, 555871.0918665515, 75945.60680068044]","[755539.0865835035, 638073.931893789, 555871.0918665515, 75945.60680068044]","[848692.0337189351, 661947.5438243184, 555871.0918665515, 75945.60680068044]","[814407.3812270405, 644678.6191767445, 555871.0918665515, 75945.60680068044]","[777015.5842237581, 643903.255109045, 555871.0918665515, 75945.60680068044]","[766458.6954572141, 629046.3730806954, 555871.0918665515, 75945.60680068044]","[840424.9470485577, 654364.7153178203, 555871.0918665515, 75945.60680068044]","[720552.5300069217, 630630.8889471455, 555871.0918665515, 75945.60680068044]","[727938.921261114, 622993.2397537993, 555871.0918665515, 75945.60680068044]","[864032.552717245, 679509.8496529789, 555871.0918665515, 75945.60680068044]","[794495.9328605464, 643270.6344939703, 555871.0918665515, 75945.60680068044]","[784650.4864777508, 630245.3088315254, 555871.0918665515, 75945.60680068044]","[784284.6641191138, 626141.2264985914, 555871.0918665515, 75945.60680068044]","[925592.6852529282, 765908.4013922019, 555871.0918665515, 75945.60680068044]","[790305.9488705961, 626645.1087170324, 555871.0918665515, 75945.60680068044]","[816283.0641231867, 648120.6179583642, 555871.0918665515, 75945.60680068044]","[798137.7282331997, 681712.0771496698, 555871.0918665515, 75945.60680068044]","[859165.3679755108, 636821.7616314521, 555871.0918665515, 75945.60680068044]","[821604.2591798572, 647041.8416423316, 555871.0918665515, 75945.60680068044]","[944654.5163631722, 665741.6583560877, 555871.0918665515, 75945.60680068044]","[788698.7432594124, 640463.243441332, 555871.0918665515, 75945.60680068044]","[895721.7578020603, 721564.1182721874, 555871.0918665515, 75945.60680068044]","[795539.343614291, 643508.5129444005, 555871.0918665515, 75945.60680068044]","[784049.1141143714, 633749.940428502, 555871.0918665515, 75945.60680068044]","[769505.3744353506, 631350.5151920328, 555871.0918665515, 75945.60680068044]","[848152.6489019925, 675240.4551649281, 555871.0918665515, 75945.60680068044]","[797072.7663155582, 647612.3986388276, 555871.0918665515, 75945.60680068044]","[845990.9332134562, 658013.6688231931, 555871.0918665515, 75945.60680068044]","[847054.0681290907, 679302.2843022867, 555871.0918665515, 75945.60680068044]","[829549.0475709311, 662444.3570211141, 555871.0918665515, 75945.60680068044]","[775749.7029389741, 632590.5764741418, 555871.0918665515, 75945.60680068044]","[790080.7313009378, 651484.6370454234, 555871.0918665515, 75945.60680068044]","[777250.6984712222, 624169.6363683846, 555871.0918665515, 75945.60680068044]","[764250.3915959939, 634263.6132185975, 555871.0918665515, 75945.60680068044]","[821530.0867510529, 689500.1326455626, 555871.0918665515, 75945.60680068044]","[826719.1706001275, 690368.637022662, 555871.0918665515, 75945.60680068044]","[770086.3155020234, 643169.0972844771, 555871.0918665515, 75945.60680068044]","[878651.5886236824, 680093.730686633, 555871.0918665515, 75945.60680068044]","[809363.2029296448, 645877.6532875154, 555871.0918665515, 75945.60680068044]","[794579.1483234565, 635471.8600496261, 555871.0918665515, 75945.60680068044]","[857292.354267762, 643393.6841522506, 555871.0918665515, 75945.60680068044]","[771432.15692111, 639514.3022452816, 555871.0918665515, 75945.60680068044]","[827027.8884890801, 641391.7893680357, 555871.0918665515, 75945.60680068044]","[748210.2892141782, 627735.0639376325, 555871.0918665515, 75945.60680068044]","[850415.5345873159, 683276.0709446806, 555871.0918665515, 75945.60680068044]","[869226.6201730005, 677694.8822086718, 555871.0918665515, 75945.60680068044]"
"[807292.2288532162, 592256.0866677504, 462198.6953654034, 64943.88646510641]","[739510.6283788915, 552332.0085365962, 462198.6953654034, 64943.88646510641]","[760726.6207354153, 578938.4109506978, 462198.6953654034, 64943.88646510641]","[682280.7232160489, 571694.583840843, 462198.6953654034, 64943.88646510641]","[724889.1756032357, 580956.3654412297, 462198.6953654034, 64943.88646510641]","[731868.792954313, 561291.631444635, 462198.6953654034, 64943.88646510641]","[663440.1447381938, 542320.158932442, 462198.6953654034, 64943.88646510641]","[748905.755590454, 574573.2203783853, 462198.6953654034, 64943.88646510641]","[646641.6854000743, 537849.5901351616, 462198.6953654034, 64943.88646510641]","[696669.0736260648, 573688.8545468323, 462198.6953654034, 64943.88646510641]","[611739.8064119502, 520894.83406191977, 462198.6953654034, 64943.88646510641]","[686434.825409049, 544160.7024819179, 462198.6953654034, 64943.88646510641]","[617901.4853819967, 526841.4639212912, 462198.6953654034, 64943.88646510641]","[735608.1575789028, 574793.1667631965, 462198.6953654034, 64943.88646510641]","[741675.7111446222, 604444.9238763124, 462198.6953654034, 64943.88646510641]","[666815.8453509171, 524364.4597509244, 462198.6953654034, 64943.88646510641]","[765710.5313954874, 607587.8693994461, 462198.6953654034, 64943.88646510641]","[741813.9400124407, 567928.2890573491, 462198.6953654034, 64943.88646510641]","[701770.3315007485, 572908.2887035934, 462198.6953654034, 64943.88646510641]","[775645.4871221975, 629021.51255487, 462198.6953654034, 64943.88646510641]","[701022.3091460965, 545455.5246628223, 462198.6953654034, 64943.88646510641]","[667599.2699967072, 536273.3811917836, 462198.6953654034, 64943.88646510641]","[757758.1385156204, 549823.3453166425, 462198.6953654034, 64943.88646510641]","[595328.0923264426, 529813.191886664, 462198.6953654034, 64943.88646510641]","[696028.495984287, 560853.6564437798, 462198.6953654034, 64943.88646510641]","[625677.7228279777, 532848.4915059604, 462198.6953654034, 64943.88646510641]","[709815.1620144342, 574360.5363956069, 462198.6953654034, 64943.88646510641]","[661785.7357270046, 539419.5009872292, 462198.6953654034, 64943.88646510641]","[669849.7825716673, 528628.8249948906, 462198.6953654034, 64943.88646510641]","[665350.2705858957, 535059.8367242026, 462198.6953654034, 64943.88646510641]","[627255.4624000546, 524775.3210463229, 462198.6953654034, 64943.88646510641]","[677618.3231099481, 533015.7569444204, 462198.6953654034, 64943.88646510641]","[635504.8921981705, 529307.8343252017, 462198.6953654034, 64943.88646510641]","[663586.9314435805, 545060.7868140355, 462198.6953654034, 64943.88646510641]","[657951.3998791026, 555340.595322496, 462198.6953654034, 64943.88646510641]","[675295.6084944876, 541045.1878901322, 462198.6953654034, 64943.88646510641]","[704995.3992891995, 530602.5426528401, 462198.6953654034, 64943.88646510641]","[695206.2412028239, 552718.0050515437, 462198.6953654034, 64943.88646510641]","[751134.3119323066, 569786.9504216816, 462198.6953654034, 64943.88646510641]","[654937.001811309, 522746.32592522696, 462198.6953654034, 64943.88646510641]","[632223.4863331972, 541608.7958725531, 462198.6953654034, 64943.88646510641]","[593440.1412400027, 524484.1008606555, 462198.6953654034, 64943.88646510641]","[778533.9302787909, 581902.9696106081, 462198.6953654034, 64943.88646510641]","[768525.5549948862, 589374.0117794356, 462198.6953654034, 64943.88646510641]","[629584.5557575343, 528369.0906519404, 462198.6953654034, 64943.88646510641]","[654784.214220126, 538207.1413424003, 462198.6953654034, 64943.88646510641]","[675773.7226743031, 546843.5948884275, 462198.6953654034, 64943.88646510641]","[663053.1068579858, 547992.7619695147, 462198.6953654034, 64943.88646510641]","[666217.1905268723, 532980.923109989, 462198.6953654034, 64943.88646510641]","[799542.5463090362, 634165.0445818119, 462198.6953654034, 64943.88646510641]"
"[754798.1302442575, 623287.3800520102, 544756.5925148913, 78865.5695964496]","[755339.6302365395, 640180.4069679242, 544756.5925148913, 78865.5695964496]","[757623.3662259419, 623331.4344929517, 544756.5925148913, 78865.5695964496]","[878204.418911836, 680601.2307866038, 544756.5925148913, 78865.5695964496]","[761692.9191607889, 619664.4979641384, 544756.5925148913, 78865.5695964496]","[719789.2070254411, 616568.0865429913, 544756.5925148913, 78865.5695964496]","[823331.755481096, 668022.0399562842, 544756.5925148913, 78865.5695964496]","[747340.3201453597, 620637.0000635614, 544756.5925148913, 78865.5695964496]","[798762.4547496946, 661436.9993160672, 544756.5925148913, 78865.5695964496]","[902838.5720569722, 673090.5372835187, 544756.5925148913, 78865.5695964496]","[832329.2184854527, 663748.6243897942, 544756.5925148913, 78865.5695964496]","[883191.1173915311, 670595.9052736214, 544756.5925148913, 78865.5695964496]","[821727.0966776441, 651644.5872629877, 544756.5925148913, 78865.5695964496]","[825083.7309186204, 646608.02398359, 544756.5925148913, 78865.5695964496]","[753629.8773315907, 632792.3343227691, 544756.5925148913, 78865.5695964496]","[753603.2334565965, 633208.0238352171, 544756.5925148913, 78865.5695964496]","[790467.8709817412, 634405.6292287044, 544756.5925148913, 78865.5695964496]","[799691.929436008, 652647.1264306116, 544756.5925148913, 78865.5695964496]","[810248.7462475238, 669166.1126906374, 544756.5925148913, 78865.5695964496]","[836646.3293746943, 652411.2451841094, 544756.5925148913, 78865.5695964496]","[732904.030110174, 627794.4078025131, 544756.5925148913, 78865.5695964496]","[744433.120654775, 619884.9488331027, 544756.5925148913, 78865.5695964496]","[803889.7610635202, 664175.3069703644, 544756.5925148913, 78865.5695964496]","[774590.2457040654, 627973.2279157938, 544756.5925148913, 78865.5695964496]","[667417.248636296, 613253.3354378806, 544756.5925148913, 78865.5695964496]","[866254.2487917265, 724465.4873231152, 544756.5925148913, 78865.5695964496]","[893429.4905423288, 711978.0462850621, 544756.5925148913, 78865.5695964496]","[896981.1764103445, 715283.5194615474, 544756.5925148913, 78865.5695964496]","[867587.36218274, 652529.9169425969, 544756.5925148913, 78865.5695964496]","[862184.6523542446, 656532.5987161158, 544756.5925148913, 78865.5695964496]","[800412.8097574493, 644812.2075901005, 544756.5925148913, 78865.5695964496]","[874281.5861214941, 726726.6884305261, 544756.5925148913, 78865.5695964496]","[735870.9220749611, 624525.9113050288, 544756.5925148913, 78865.5695964496]","[855984.3121125035, 672557.5687108097, 544756.5925148913, 78865.5695964496]","[767508.5002977385, 634295.3246531757, 544756.5925148913, 78865.5695964496]","[753515.4554489069, 621195.7557538189, 544756.5925148913, 78865.5695964496]","[802677.299583142, 640074.4045118622, 544756.5925148913, 78865.5695964496]","[934320.1803516424, 723441.8771163477, 544756.5925148913, 78865.5695964496]","[732628.2396555627, 631472.3199238989, 544756.5925148913, 78865.5695964496]","[862243.1350103432, 667398.8953719734, 544756.5925148913, 78865.5695964496]","[751801.9349888711, 630471.5898032102, 544756.5925148913, 78865.5695964496]","[708838.0161644095, 620177.9903462962, 544756.5925148913, 78865.5695964496]","[814027.4144343549, 663220.6096585863, 544756.5925148913, 78865.5695964496]","[717617.0377104788, 612284.57444002, 544756.5925148913, 78865.5695964496]","[788618.3001306552, 632562.2114194753, 544756.5925148913, 78865.5695964496]","[829958.3680824753, 671382.1325715007, 544756.5925148913, 78865.5695964496]","[768690.4422029005, 630131.3393282444, 544756.5925148913, 78865.5695964496]","[790485.2873530446, 636521.663896273, 544756.5925148913, 78865.5695964496]","[816785.7451427155, 649745.5895272796, 544756.5925148913, 78865.5695964496]","[852772.6871656557, 657034.6251873843, 544756.5925148913, 78865.5695964496]"
"[869387.1784480332, 685974.0626403964, 551341.2449038695, 73990.57347901116]","[779416.1802786194, 624944.6313827899, 551341.2449038695, 73990.57347901116]","[796845.4417326997, 633403.1984833366, 551341.2449038695, 73990.57347901116]","[732677.1638084541, 627699.3839439489, 551341.2449038695, 73990.57347901116]","[868738.9410753814, 695792.9215797744, 551341.2449038695, 73990.57347901116]","[760688.1110593565, 629618.4009921639, 551341.2449038695, 73990.57347901116]","[886726.0230826435, 697259.2971042175, 551341.2449038695, 73990.57347901116]","[713530.0762162894, 621425.8925073713, 551341.2449038695, 73990.57347901116]","[776401.8791236321, 635911.3399211162, 551341.2449038695, 73990.57347901116]","[838688.1240216931, 666246.772275121, 551341.2449038695, 73990.57347901116]","[890465.3287409307, 679400.9923531995, 551341.2449038695, 73990.57347901116]","[835659.5752626973, 670414.305631927, 551341.2449038695, 73990.57347901116]","[799296.207080891, 633118.7584582838, 551341.2449038695, 73990.57347901116]","[771202.9485911626, 636670.0770689667, 551341.2449038695, 73990.57347901116]","[828688.283615528, 693189.2640015453, 551341.2449038695, 73990.57347901116]","[770598.778664611, 633145.7536260798, 551341.2449038695, 73990.57347901116]","[777254.9549848399, 634743.5492716304, 551341.2449038695, 73990.57347901116]","[792433.8901738457, 668476.6981711735, 551341.2449038695, 73990.57347901116]","[889990.2990214275, 728004.5642547465, 551341.2449038695, 73990.57347901116]","[734948.2005655942, 614828.8296834177, 551341.2449038695, 73990.57347901116]","[736177.7449512893, 627919.9273044326, 551341.2449038695, 73990.57347901116]","[819002.2924166516, 648216.4325361304, 551341.2449038695, 73990.57347901116]","[801861.9860074371, 645101.5511978795, 551341.2449038695, 73990.57347901116]","[775263.7564039509, 652031.3255418083, 551341.2449038695, 73990.57347901116]","[790195.6912639644, 644585.9618139543, 551341.2449038695, 73990.57347901116]","[722031.3693491165, 615328.0065821778, 551341.2449038695, 73990.57347901116]","[818946.9690913856, 651006.3485333378, 551341.2449038695, 73990.57347901116]","[799039.2691042889, 659278.352410329, 551341.2449038695, 73990.57347901116]","[845070.2069886529, 695805.4258535882, 551341.2449038695, 73990.57347901116]","[800685.5593687289, 650386.700157286, 551341.2449038695, 73990.57347901116]","[790220.7435809788, 663176.5615681153, 551341.2449038695, 73990.57347901116]","[796297.1160505675, 643900.8566190231, 551341.2449038695, 73990.57347901116]","[853190.6601019006, 646444.9291683276, 551341.2449038695, 73990.57347901116]","[801914.208859781, 636053.6165574184, 551341.2449038695, 73990.57347901116]","[896471.7035593439, 669479.8897790067, 551341.2449038695, 73990.57347901116]","[766210.42978942, 643629.1658024531, 551341.2449038695, 73990.57347901116]","[713277.4091414404, 615713.7080291165, 551341.2449038695, 73990.57347901116]","[809087.3081718043, 642128.71747307, 551341.2449038695, 73990.57347901116]","[779767.7266226878, 630809.4091602964, 551341.2449038695, 73990.57347901116]","[753272.9305329304, 620033.132782064, 551341.2449038695, 73990.57347901116]","[787163.6595797156, 647189.3919375933, 551341.2449038695, 73990.57347901116]","[719759.5342795347, 625631.7703457008, 551341.2449038695, 73990.57347901116]","[778561.7525239004, 631267.4370517205, 551341.2449038695, 73990.57347901116]","[882032.6835873749, 690686.1635892179, 551341.2449038695, 73990.57347901116]","[796909.8285416925, 638234.6503547288, 551341.2449038695, 73990.57347901116]","[812458.4451773653, 654932.0866568809, 551341.2449038695, 73990.57347901116]","[760218.5719565875, 630258.1071949785, 551341.2449038695, 73990.57347901116]","[814341.3276483256, 663309.245186492, 551341.2449038695, 73990.57347901116]","[861521.4512978914, 669606.4640535628, 551341.2449038695, 73990.57347901116]","[720162.6077885891, 620909.4134816375, 551341.2449038695, 73990.57347901116]"
