0,1,2,3,4,5,6,7,8,9,10,11,12,13,14,15,16,17,18,19,20,21,22,23,24,25,26,27,28,29,30,31,32,33,34,35,36,37,38,39,40,41,42,43,44,45,46,47,48,49
"[24163397.598375164, 23043010.12430345, 22805996.645799566, 393806.8510415064]","[24333243.108664334, 23043010.12430345, 22805996.645799566, 393806.8510415064]","[24590664.541084863, 23043010.12430345, 22805996.645799566, 393806.8510415064]","[24202937.45003054, 23043010.12430345, 22805996.645799566, 393806.8510415064]","[24236784.705407616, 23043010.12430345, 22805996.645799566, 393806.8510415064]","[24160574.036569003, 23043010.12430345, 22805996.645799566, 393806.8510415064]","[24414867.94177919, 23043010.12430345, 22805996.645799566, 393806.8510415064]","[24138916.04067155, 23043010.12430345, 22805996.645799566, 393806.8510415064]","[24102191.408134256, 23043010.12430345, 22805996.645799566, 393806.8510415064]","[24184134.022139676, 23043010.12430345, 22805996.645799566, 393806.8510415064]","[24221902.954633705, 23043010.12430345, 22805996.645799566, 393806.8510415064]","[24385142.0243468, 23043010.12430345, 22805996.645799566, 393806.8510415064]","[24327785.182034492, 23043010.12430345, 22805996.645799566, 393806.8510415064]","[24083673.22293406, 23043010.12430345, 22805996.645799566, 393806.8510415064]","[24427676.44939591, 23043010.12430345, 22805996.645799566, 393806.8510415064]","[24028481.486451603, 23043010.12430345, 22805996.645799566, 393806.8510415064]","[24219569.837177515, 23043010.12430345, 22805996.645799566, 393806.8510415064]","[24318147.726352535, 23043010.12430345, 22805996.645799566, 393806.8510415064]","[24015175.323026307, 23043010.12430345, 22805996.645799566, 393806.8510415064]","[24171438.872927237, 23043010.12430345, 22805996.645799566, 393806.8510415064]","[24245821.911935303, 23043010.12430345, 22805996.645799566, 393806.8510415064]","[24064389.425960597, 23043010.12430345, 22805996.645799566, 393806.8510415064]","[23967721.73071406, 23043010.12430345, 22805996.645799566, 393806.8510415064]","[24293472.98350171, 23043010.12430345, 22805996.645799566, 393806.8510415064]","[24217014.907074414, 23043010.12430345, 22805996.645799566, 393806.8510415064]","[24467522.588766485, 23043010.12430345, 22805996.645799566, 393806.8510415064]","[24036247.917326797, 23043010.12430345, 22805996.645799566, 393806.8510415064]","[24603723.55810485, 23043010.12430345, 22805996.645799566, 393806.8510415064]","[24340181.097928572, 23043010.12430345, 22805996.645799566, 393806.8510415064]","[24625316.386828527, 23043010.12430345, 22805996.645799566, 393806.8510415064]","[24390430.024338238, 23043010.12430345, 22805996.645799566, 393806.8510415064]","[24289583.209279235, 23043010.12430345, 22805996.645799566, 393806.8510415064]","[24364856.112894654, 23043010.12430345, 22805996.645799566, 393806.8510415064]","[24115058.666553896, 23043010.12430345, 22805996.645799566, 393806.8510415064]","[24272899.459687706, 23043010.12430345, 22805996.645799566, 393806.8510415064]","[23907527.825580347, 23043010.12430345, 22805996.645799566, 393806.8510415064]","[24559954.960275806, 23043010.12430345, 22805996.645799566, 393806.8510415064]","[24300407.03415571, 23043010.12430345, 22805996.645799566, 393806.8510415064]","[23982717.45898698, 23043010.12430345, 22805996.645799566, 393806.8510415064]","[24669421.015226785, 23043010.12430345, 22805996.645799566, 393806.8510415064]","[24129683.490702264, 23043010.12430345, 22805996.645799566, 393806.8510415064]","[24269063.28031177, 23043010.12430345, 22805996.645799566, 393806.8510415064]","[24321592.073895823, 23043010.12430345, 22805996.645799566, 393806.8510415064]","[24208374.982716314, 23043010.12430345, 22805996.645799566, 393806.8510415064]","[24405873.308176763, 23043010.12430345, 22805996.645799566, 393806.8510415064]","[24126999.703333803, 23043010.12430345, 22805996.645799566, 393806.8510415064]","[24476379.477508914, 23043010.12430345, 22805996.645799566, 393806.8510415064]","[24277661.646404166, 23043010.12430345, 22805996.645799566, 393806.8510415064]","[24213264.537036672, 23043010.12430345, 22805996.645799566, 393806.8510415064]","[24110733.966445696, 23043010.12430345, 22805996.645799566, 393806.8510415064]"
"[24448946.867172454, 23492025.37560847, 23268085.902088918, 387476.158465438]","[24403246.891922392, 23492025.37560847, 23268085.902088918, 387476.158465438]","[24360080.071100067, 23492025.37560847, 23268085.902088918, 387476.158465438]","[24544293.700947754, 23492025.37560847, 23268085.902088918, 387476.158465438]","[24317710.29861817, 23492025.37560847, 23268085.902088918, 387476.158465438]","[24355439.47498649, 23492025.37560847, 23268085.902088918, 387476.158465438]","[24451156.864352673, 23492025.37560847, 23268085.902088918, 387476.158465438]","[24467437.49873241, 23492025.37560847, 23268085.902088918, 387476.158465438]","[24476061.57419357, 23492025.37560847, 23268085.902088918, 387476.158465438]","[24315333.753046613, 23492025.37560847, 23268085.902088918, 387476.158465438]","[24373556.466730434, 23492025.37560847, 23268085.902088918, 387476.158465438]","[24505242.768631622, 23492025.37560847, 23268085.902088918, 387476.158465438]","[24424940.02647309, 23492025.37560847, 23268085.902088918, 387476.158465438]","[24546282.85118439, 23492025.37560847, 23268085.902088918, 387476.158465438]","[24321472.1988342, 23492025.37560847, 23268085.902088918, 387476.158465438]","[24325083.575305026, 23492025.37560847, 23268085.902088918, 387476.158465438]","[24478453.613771, 23492025.37560847, 23268085.902088918, 387476.158465438]","[24458400.374539502, 23492025.37560847, 23268085.902088918, 387476.158465438]","[24338771.60595019, 23492025.37560847, 23268085.902088918, 387476.158465438]","[24496195.47592931, 23492025.37560847, 23268085.902088918, 387476.158465438]","[24674860.817375872, 23492025.37560847, 23268085.902088918, 387476.158465438]","[24290289.081558753, 23492025.37560847, 23268085.902088918, 387476.158465438]","[24391460.105654966, 23492025.37560847, 23268085.902088918, 387476.158465438]","[24294624.06150774, 23492025.37560847, 23268085.902088918, 387476.158465438]","[24367185.785966672, 23492025.37560847, 23268085.902088918, 387476.158465438]","[24316655.1622268, 23492025.37560847, 23268085.902088918, 387476.158465438]","[24220730.428666983, 23492025.37560847, 23268085.902088918, 387476.158465438]","[24275411.66006011, 23492025.37560847, 23268085.902088918, 387476.158465438]","[24385473.67025163, 23492025.37560847, 23268085.902088918, 387476.158465438]","[24335693.047504995, 23492025.37560847, 23268085.902088918, 387476.158465438]","[24840189.25286618, 23492025.37560847, 23268085.902088918, 387476.158465438]","[24628402.766707174, 23492025.37560847, 23268085.902088918, 387476.158465438]","[24226280.7820003, 23492025.37560847, 23268085.902088918, 387476.158465438]","[24409767.0386006, 23492025.37560847, 23268085.902088918, 387476.158465438]","[24360288.6461433, 23492025.37560847, 23268085.902088918, 387476.158465438]","[24469188.07560063, 23492025.37560847, 23268085.902088918, 387476.158465438]","[24323987.32929218, 23492025.37560847, 23268085.902088918, 387476.158465438]","[24536273.274231467, 23492025.37560847, 23268085.902088918, 387476.158465438]","[24257669.452112716, 23492025.37560847, 23268085.902088918, 387476.158465438]","[24568408.62340654, 23492025.37560847, 23268085.902088918, 387476.158465438]","[24403253.218172003, 23492025.37560847, 23268085.902088918, 387476.158465438]","[24434962.262876607, 23492025.37560847, 23268085.902088918, 387476.158465438]","[24428803.582169965, 23492025.37560847, 23268085.902088918, 387476.158465438]","[24655096.36613658, 23492025.37560847, 23268085.902088918, 387476.158465438]","[24221886.52370407, 23492025.37560847, 23268085.902088918, 387476.158465438]","[24458680.49826663, 23492025.37560847, 23268085.902088918, 387476.158465438]","[24321042.99882246, 23492025.37560847, 23268085.902088918, 387476.158465438]","[24339054.58280782, 23492025.37560847, 23268085.902088918, 387476.158465438]","[24343157.66330414, 23492025.37560847, 23268085.902088918, 387476.158465438]","[24441812.888914946, 23492025.37560847, 23268085.902088918, 387476.158465438]"
"[23840843.085344292, 22842173.689273283, 22612778.4674958, 389040.9262067482]","[23841600.59027992, 22842173.689273283, 22612778.4674958, 389040.9262067482]","[23886407.703914247, 22842173.689273283, 22612778.4674958, 389040.9262067482]","[24007004.603665065, 22842173.689273283, 22612778.4674958, 389040.9262067482]","[23989856.708428577, 22842173.689273283, 22612778.4674958, 389040.9262067482]","[23799143.696769472, 22842173.689273283, 22612778.4674958, 389040.9262067482]","[24100888.592919603, 22842173.689273283, 22612778.4674958, 389040.9262067482]","[23781577.16342986, 22842173.689273283, 22612778.4674958, 389040.9262067482]","[24016068.8466295, 22842173.689273283, 22612778.4674958, 389040.9262067482]","[23751809.584742047, 22842173.689273283, 22612778.4674958, 389040.9262067482]","[23842543.484065827, 22842173.689273283, 22612778.4674958, 389040.9262067482]","[23932618.34869683, 22842173.689273283, 22612778.4674958, 389040.9262067482]","[23780428.11432353, 22842173.689273283, 22612778.4674958, 389040.9262067482]","[23940331.47716817, 22842173.689273283, 22612778.4674958, 389040.9262067482]","[23874178.84603807, 22842173.689273283, 22612778.4674958, 389040.9262067482]","[23783687.963020805, 22842173.689273283, 22612778.4674958, 389040.9262067482]","[23861273.93449267, 22842173.689273283, 22612778.4674958, 389040.9262067482]","[24070824.212289706, 22842173.689273283, 22612778.4674958, 389040.9262067482]","[23721317.062907923, 22842173.689273283, 22612778.4674958, 389040.9262067482]","[23882676.962778028, 22842173.689273283, 22612778.4674958, 389040.9262067482]","[24243207.07954175, 22842173.689273283, 22612778.4674958, 389040.9262067482]","[23838861.43350779, 22842173.689273283, 22612778.4674958, 389040.9262067482]","[24150123.279556636, 22842173.689273283, 22612778.4674958, 389040.9262067482]","[23911128.396503825, 22842173.689273283, 22612778.4674958, 389040.9262067482]","[24011611.883033253, 22842173.689273283, 22612778.4674958, 389040.9262067482]","[24213814.04246378, 22842173.689273283, 22612778.4674958, 389040.9262067482]","[23893795.21494903, 22842173.689273283, 22612778.4674958, 389040.9262067482]","[24043498.94697984, 22842173.689273283, 22612778.4674958, 389040.9262067482]","[23782108.836788744, 22842173.689273283, 22612778.4674958, 389040.9262067482]","[23805005.004604515, 22842173.689273283, 22612778.4674958, 389040.9262067482]","[24017150.61294359, 22842173.689273283, 22612778.4674958, 389040.9262067482]","[23866409.14570168, 22842173.689273283, 22612778.4674958, 389040.9262067482]","[23773134.860609334, 22842173.689273283, 22612778.4674958, 389040.9262067482]","[23678632.619491823, 22842173.689273283, 22612778.4674958, 389040.9262067482]","[23854362.446751315, 22842173.689273283, 22612778.4674958, 389040.9262067482]","[23689673.36927457, 22842173.689273283, 22612778.4674958, 389040.9262067482]","[23844635.788031083, 22842173.689273283, 22612778.4674958, 389040.9262067482]","[24040269.332233917, 22842173.689273283, 22612778.4674958, 389040.9262067482]","[23978630.460933153, 22842173.689273283, 22612778.4674958, 389040.9262067482]","[23974285.0616153, 22842173.689273283, 22612778.4674958, 389040.9262067482]","[23828915.162825912, 22842173.689273283, 22612778.4674958, 389040.9262067482]","[23712662.516338173, 22842173.689273283, 22612778.4674958, 389040.9262067482]","[23905936.175150886, 22842173.689273283, 22612778.4674958, 389040.9262067482]","[23909837.240357067, 22842173.689273283, 22612778.4674958, 389040.9262067482]","[23829797.374692224, 22842173.689273283, 22612778.4674958, 389040.9262067482]","[24026547.576933745, 22842173.689273283, 22612778.4674958, 389040.9262067482]","[23900222.992774256, 22842173.689273283, 22612778.4674958, 389040.9262067482]","[23903804.516129833, 22842173.689273283, 22612778.4674958, 389040.9262067482]","[23812374.09557049, 22842173.689273283, 22612778.4674958, 389040.9262067482]","[23738396.442214504, 22842173.689273283, 22612778.4674958, 389040.9262067482]"
"[24330262.12976774, 23412879.62803826, 23181810.050150078, 388897.35233278363]","[24659249.155415628, 23412879.62803826, 23181810.050150078, 388897.35233278363]","[24589291.505932458, 23412879.62803826, 23181810.050150078, 388897.35233278363]","[24401942.587762803, 23412879.62803826, 23181810.050150078, 388897.35233278363]","[24698923.081008285, 23412879.62803826, 23181810.050150078, 388897.35233278363]","[24916549.20999358, 23412879.62803826, 23181810.050150078, 388897.35233278363]","[24571028.1155837, 23412879.62803826, 23181810.050150078, 388897.35233278363]","[24616110.48104999, 23412879.62803826, 23181810.050150078, 388897.35233278363]","[24844940.98263925, 23412879.62803826, 23181810.050150078, 388897.35233278363]","[24418883.44186929, 23412879.62803826, 23181810.050150078, 388897.35233278363]","[24444697.863653857, 23412879.62803826, 23181810.050150078, 388897.35233278363]","[24624521.479925964, 23412879.62803826, 23181810.050150078, 388897.35233278363]","[24311501.01319765, 23412879.62803826, 23181810.050150078, 388897.35233278363]","[24539427.374040462, 23412879.62803826, 23181810.050150078, 388897.35233278363]","[24358540.50266949, 23412879.62803826, 23181810.050150078, 388897.35233278363]","[24650552.710898638, 23412879.62803826, 23181810.050150078, 388897.35233278363]","[24504745.16356373, 23412879.62803826, 23181810.050150078, 388897.35233278363]","[24289044.710476745, 23412879.62803826, 23181810.050150078, 388897.35233278363]","[24694506.056157056, 23412879.62803826, 23181810.050150078, 388897.35233278363]","[24492108.341331903, 23412879.62803826, 23181810.050150078, 388897.35233278363]","[24367059.769273892, 23412879.62803826, 23181810.050150078, 388897.35233278363]","[24909199.80532892, 23412879.62803826, 23181810.050150078, 388897.35233278363]","[24823541.681135487, 23412879.62803826, 23181810.050150078, 388897.35233278363]","[24732004.31637078, 23412879.62803826, 23181810.050150078, 388897.35233278363]","[24412171.013149798, 23412879.62803826, 23181810.050150078, 388897.35233278363]","[24447095.455150146, 23412879.62803826, 23181810.050150078, 388897.35233278363]","[24670730.28069076, 23412879.62803826, 23181810.050150078, 388897.35233278363]","[24317884.50179155, 23412879.62803826, 23181810.050150078, 388897.35233278363]","[24640445.072456915, 23412879.62803826, 23181810.050150078, 388897.35233278363]","[24685293.08748632, 23412879.62803826, 23181810.050150078, 388897.35233278363]","[24533152.16202269, 23412879.62803826, 23181810.050150078, 388897.35233278363]","[24801902.808492977, 23412879.62803826, 23181810.050150078, 388897.35233278363]","[24440464.85096739, 23412879.62803826, 23181810.050150078, 388897.35233278363]","[24491124.92084341, 23412879.62803826, 23181810.050150078, 388897.35233278363]","[24610032.083284024, 23412879.62803826, 23181810.050150078, 388897.35233278363]","[24759106.18014938, 23412879.62803826, 23181810.050150078, 388897.35233278363]","[24509016.22693659, 23412879.62803826, 23181810.050150078, 388897.35233278363]","[24836565.278214037, 23412879.62803826, 23181810.050150078, 388897.35233278363]","[24463015.671668414, 23412879.62803826, 23181810.050150078, 388897.35233278363]","[24550594.596274868, 23412879.62803826, 23181810.050150078, 388897.35233278363]","[24604909.973524213, 23412879.62803826, 23181810.050150078, 388897.35233278363]","[24525042.87703443, 23412879.62803826, 23181810.050150078, 388897.35233278363]","[24641858.276212282, 23412879.62803826, 23181810.050150078, 388897.35233278363]","[24737812.666734934, 23412879.62803826, 23181810.050150078, 388897.35233278363]","[24496339.087083112, 23412879.62803826, 23181810.050150078, 388897.35233278363]","[24546189.861300293, 23412879.62803826, 23181810.050150078, 388897.35233278363]","[25021634.50912394, 23412879.62803826, 23181810.050150078, 388897.35233278363]","[24422356.00811322, 23412879.62803826, 23181810.050150078, 388897.35233278363]","[24293479.331979692, 23412879.62803826, 23181810.050150078, 388897.35233278363]","[24699839.416408446, 23412879.62803826, 23181810.050150078, 388897.35233278363]"
"[23630587.356437016, 22564988.796450336, 22345270.826163292, 381954.7877653511]","[23723170.239183865, 22564988.796450336, 22345270.826163292, 381954.7877653511]","[23809456.13067579, 22564988.796450336, 22345270.826163292, 381954.7877653511]","[23642569.558493298, 22564988.796450336, 22345270.826163292, 381954.7877653511]","[23737079.935252417, 22564988.796450336, 22345270.826163292, 381954.7877653511]","[23651848.84793856, 22564988.796450336, 22345270.826163292, 381954.7877653511]","[23365885.834326647, 22564988.796450336, 22345270.826163292, 381954.7877653511]","[23641737.49650715, 22564988.796450336, 22345270.826163292, 381954.7877653511]","[23445926.376917608, 22564988.796450336, 22345270.826163292, 381954.7877653511]","[23882151.477812782, 22564988.796450336, 22345270.826163292, 381954.7877653511]","[23683738.487640347, 22564988.796450336, 22345270.826163292, 381954.7877653511]","[23738698.544758666, 22564988.796450336, 22345270.826163292, 381954.7877653511]","[23963955.728209864, 22564988.796450336, 22345270.826163292, 381954.7877653511]","[23742955.80379239, 22564988.796450336, 22345270.826163292, 381954.7877653511]","[23440675.395788886, 22564988.796450336, 22345270.826163292, 381954.7877653511]","[23606446.589621358, 22564988.796450336, 22345270.826163292, 381954.7877653511]","[23775958.33920044, 22564988.796450336, 22345270.826163292, 381954.7877653511]","[23574081.63965662, 22564988.796450336, 22345270.826163292, 381954.7877653511]","[23603419.52388941, 22564988.796450336, 22345270.826163292, 381954.7877653511]","[23685506.571785245, 22564988.796450336, 22345270.826163292, 381954.7877653511]","[23378264.5143035, 22564988.796450336, 22345270.826163292, 381954.7877653511]","[23582393.69106403, 22564988.796450336, 22345270.826163292, 381954.7877653511]","[24130754.011332136, 22564988.796450336, 22345270.826163292, 381954.7877653511]","[23583182.83772125, 22564988.796450336, 22345270.826163292, 381954.7877653511]","[23718288.178948745, 22564988.796450336, 22345270.826163292, 381954.7877653511]","[23532349.617450994, 22564988.796450336, 22345270.826163292, 381954.7877653511]","[23576217.16275038, 22564988.796450336, 22345270.826163292, 381954.7877653511]","[23784138.53962691, 22564988.796450336, 22345270.826163292, 381954.7877653511]","[23610910.979067624, 22564988.796450336, 22345270.826163292, 381954.7877653511]","[23590136.365709476, 22564988.796450336, 22345270.826163292, 381954.7877653511]","[23808875.242607564, 22564988.796450336, 22345270.826163292, 381954.7877653511]","[23531302.450017646, 22564988.796450336, 22345270.826163292, 381954.7877653511]","[23674533.73510739, 22564988.796450336, 22345270.826163292, 381954.7877653511]","[23512983.87601993, 22564988.796450336, 22345270.826163292, 381954.7877653511]","[23525501.326104708, 22564988.796450336, 22345270.826163292, 381954.7877653511]","[24111548.825744756, 22564988.796450336, 22345270.826163292, 381954.7877653511]","[23722184.6981986, 22564988.796450336, 22345270.826163292, 381954.7877653511]","[24073057.25912324, 22564988.796450336, 22345270.826163292, 381954.7877653511]","[23442588.76786942, 22564988.796450336, 22345270.826163292, 381954.7877653511]","[23810588.191014327, 22564988.796450336, 22345270.826163292, 381954.7877653511]","[23700638.62909037, 22564988.796450336, 22345270.826163292, 381954.7877653511]","[23654730.565595984, 22564988.796450336, 22345270.826163292, 381954.7877653511]","[23660480.701556575, 22564988.796450336, 22345270.826163292, 381954.7877653511]","[23655676.481376834, 22564988.796450336, 22345270.826163292, 381954.7877653511]","[23711559.13049795, 22564988.796450336, 22345270.826163292, 381954.7877653511]","[23674518.192978423, 22564988.796450336, 22345270.826163292, 381954.7877653511]","[23400100.94426213, 22564988.796450336, 22345270.826163292, 381954.7877653511]","[23814233.08200753, 22564988.796450336, 22345270.826163292, 381954.7877653511]","[23643490.620149665, 22564988.796450336, 22345270.826163292, 381954.7877653511]","[23512818.765529875, 22564988.796450336, 22345270.826163292, 381954.7877653511]"
"[24990608.4124636, 23785870.37512258, 23561666.401435997, 387215.36734558985]","[24788099.888216864, 23785870.37512258, 23561666.401435997, 387215.36734558985]","[24995662.140790526, 23785870.37512258, 23561666.401435997, 387215.36734558985]","[25376724.507552616, 23785870.37512258, 23561666.401435997, 387215.36734558985]","[24764245.26827243, 23785870.37512258, 23561666.401435997, 387215.36734558985]","[24893937.366171177, 23785870.37512258, 23561666.401435997, 387215.36734558985]","[24909777.5845134, 23785870.37512258, 23561666.401435997, 387215.36734558985]","[24828798.878500506, 23785870.37512258, 23561666.401435997, 387215.36734558985]","[25076160.000042047, 23785870.37512258, 23561666.401435997, 387215.36734558985]","[24673082.807158124, 23785870.37512258, 23561666.401435997, 387215.36734558985]","[24658199.353824545, 23785870.37512258, 23561666.401435997, 387215.36734558985]","[24766972.112833913, 23785870.37512258, 23561666.401435997, 387215.36734558985]","[24683696.622890424, 23785870.37512258, 23561666.401435997, 387215.36734558985]","[24890259.03723105, 23785870.37512258, 23561666.401435997, 387215.36734558985]","[24909188.953452878, 23785870.37512258, 23561666.401435997, 387215.36734558985]","[25137393.857444756, 23785870.37512258, 23561666.401435997, 387215.36734558985]","[24975348.87493965, 23785870.37512258, 23561666.401435997, 387215.36734558985]","[24982492.19652407, 23785870.37512258, 23561666.401435997, 387215.36734558985]","[24999832.625427913, 23785870.37512258, 23561666.401435997, 387215.36734558985]","[24813497.29659914, 23785870.37512258, 23561666.401435997, 387215.36734558985]","[24720103.830000453, 23785870.37512258, 23561666.401435997, 387215.36734558985]","[24644388.067313857, 23785870.37512258, 23561666.401435997, 387215.36734558985]","[24873836.047208562, 23785870.37512258, 23561666.401435997, 387215.36734558985]","[25261614.38179567, 23785870.37512258, 23561666.401435997, 387215.36734558985]","[24902845.942397527, 23785870.37512258, 23561666.401435997, 387215.36734558985]","[24940700.192355655, 23785870.37512258, 23561666.401435997, 387215.36734558985]","[24862128.382319707, 23785870.37512258, 23561666.401435997, 387215.36734558985]","[24764057.72370422, 23785870.37512258, 23561666.401435997, 387215.36734558985]","[24682054.24625158, 23785870.37512258, 23561666.401435997, 387215.36734558985]","[24760381.77615886, 23785870.37512258, 23561666.401435997, 387215.36734558985]","[24866668.883733135, 23785870.37512258, 23561666.401435997, 387215.36734558985]","[25134785.364226017, 23785870.37512258, 23561666.401435997, 387215.36734558985]","[24970402.34064773, 23785870.37512258, 23561666.401435997, 387215.36734558985]","[24876446.17438518, 23785870.37512258, 23561666.401435997, 387215.36734558985]","[24871920.84095821, 23785870.37512258, 23561666.401435997, 387215.36734558985]","[24969379.83763763, 23785870.37512258, 23561666.401435997, 387215.36734558985]","[25236727.16673137, 23785870.37512258, 23561666.401435997, 387215.36734558985]","[24936724.02879748, 23785870.37512258, 23561666.401435997, 387215.36734558985]","[25085579.824225254, 23785870.37512258, 23561666.401435997, 387215.36734558985]","[24771964.667854253, 23785870.37512258, 23561666.401435997, 387215.36734558985]","[24862132.09861247, 23785870.37512258, 23561666.401435997, 387215.36734558985]","[24827586.451534897, 23785870.37512258, 23561666.401435997, 387215.36734558985]","[24933810.82062077, 23785870.37512258, 23561666.401435997, 387215.36734558985]","[24938120.55614586, 23785870.37512258, 23561666.401435997, 387215.36734558985]","[24804726.289952174, 23785870.37512258, 23561666.401435997, 387215.36734558985]","[24704801.560656477, 23785870.37512258, 23561666.401435997, 387215.36734558985]","[24949087.3484655, 23785870.37512258, 23561666.401435997, 387215.36734558985]","[24982112.08796828, 23785870.37512258, 23561666.401435997, 387215.36734558985]","[25264052.889708217, 23785870.37512258, 23561666.401435997, 387215.36734558985]","[24777138.163039345, 23785870.37512258, 23561666.401435997, 387215.36734558985]"
"[24728962.53797742, 23637293.112499546, 23402974.118130103, 398686.89439765835]","[24535107.414909273, 23637293.112499546, 23402974.118130103, 398686.89439765835]","[24732463.639592145, 23637293.112499546, 23402974.118130103, 398686.89439765835]","[24860022.18249177, 23637293.112499546, 23402974.118130103, 398686.89439765835]","[24633953.84738138, 23637293.112499546, 23402974.118130103, 398686.89439765835]","[24875667.47136031, 23637293.112499546, 23402974.118130103, 398686.89439765835]","[24609499.752950035, 23637293.112499546, 23402974.118130103, 398686.89439765835]","[24775044.138855148, 23637293.112499546, 23402974.118130103, 398686.89439765835]","[24674689.998848636, 23637293.112499546, 23402974.118130103, 398686.89439765835]","[24667597.511489917, 23637293.112499546, 23402974.118130103, 398686.89439765835]","[24869062.778801423, 23637293.112499546, 23402974.118130103, 398686.89439765835]","[24728119.086150385, 23637293.112499546, 23402974.118130103, 398686.89439765835]","[24687010.52768698, 23637293.112499546, 23402974.118130103, 398686.89439765835]","[24562718.762593128, 23637293.112499546, 23402974.118130103, 398686.89439765835]","[24681012.717289455, 23637293.112499546, 23402974.118130103, 398686.89439765835]","[24643173.58263864, 23637293.112499546, 23402974.118130103, 398686.89439765835]","[24800457.671796482, 23637293.112499546, 23402974.118130103, 398686.89439765835]","[24694652.438777234, 23637293.112499546, 23402974.118130103, 398686.89439765835]","[24646635.820474662, 23637293.112499546, 23402974.118130103, 398686.89439765835]","[24738711.402319383, 23637293.112499546, 23402974.118130103, 398686.89439765835]","[24415326.58401455, 23637293.112499546, 23402974.118130103, 398686.89439765835]","[24602689.562446278, 23637293.112499546, 23402974.118130103, 398686.89439765835]","[24544509.18899107, 23637293.112499546, 23402974.118130103, 398686.89439765835]","[24773653.94308957, 23637293.112499546, 23402974.118130103, 398686.89439765835]","[25162522.019240033, 23637293.112499546, 23402974.118130103, 398686.89439765835]","[24674137.27101616, 23637293.112499546, 23402974.118130103, 398686.89439765835]","[24738004.028534994, 23637293.112499546, 23402974.118130103, 398686.89439765835]","[24554083.05521547, 23637293.112499546, 23402974.118130103, 398686.89439765835]","[24678814.44806273, 23637293.112499546, 23402974.118130103, 398686.89439765835]","[24748490.522928532, 23637293.112499546, 23402974.118130103, 398686.89439765835]","[24716622.358007718, 23637293.112499546, 23402974.118130103, 398686.89439765835]","[25025100.499336455, 23637293.112499546, 23402974.118130103, 398686.89439765835]","[25088091.591070905, 23637293.112499546, 23402974.118130103, 398686.89439765835]","[25079005.726348218, 23637293.112499546, 23402974.118130103, 398686.89439765835]","[24730898.446548935, 23637293.112499546, 23402974.118130103, 398686.89439765835]","[24532677.618304446, 23637293.112499546, 23402974.118130103, 398686.89439765835]","[24763035.814382985, 23637293.112499546, 23402974.118130103, 398686.89439765835]","[24821352.99655567, 23637293.112499546, 23402974.118130103, 398686.89439765835]","[25070466.89486049, 23637293.112499546, 23402974.118130103, 398686.89439765835]","[24832127.167014007, 23637293.112499546, 23402974.118130103, 398686.89439765835]","[24803748.40689336, 23637293.112499546, 23402974.118130103, 398686.89439765835]","[25495482.568361435, 23637293.112499546, 23402974.118130103, 398686.89439765835]","[24588748.91074445, 23637293.112499546, 23402974.118130103, 398686.89439765835]","[24721082.314306766, 23637293.112499546, 23402974.118130103, 398686.89439765835]","[24636470.99081885, 23637293.112499546, 23402974.118130103, 398686.89439765835]","[24643860.166648123, 23637293.112499546, 23402974.118130103, 398686.89439765835]","[24793982.026673563, 23637293.112499546, 23402974.118130103, 398686.89439765835]","[24716050.29211421, 23637293.112499546, 23402974.118130103, 398686.89439765835]","[24684338.515623756, 23637293.112499546, 23402974.118130103, 398686.89439765835]","[24532486.176363416, 23637293.112499546, 23402974.118130103, 398686.89439765835]"
"[24152429.469785746, 23219276.95034507, 22995267.030684453, 383832.05817920953]","[24379909.92512333, 23219276.95034507, 22995267.030684453, 383832.05817920953]","[24171572.246037528, 23219276.95034507, 22995267.030684453, 383832.05817920953]","[24068190.477339417, 23219276.95034507, 22995267.030684453, 383832.05817920953]","[24612955.94091545, 23219276.95034507, 22995267.030684453, 383832.05817920953]","[24351913.632507958, 23219276.95034507, 22995267.030684453, 383832.05817920953]","[24084508.38806774, 23219276.95034507, 22995267.030684453, 383832.05817920953]","[23973620.066391043, 23219276.95034507, 22995267.030684453, 383832.05817920953]","[24170682.057871625, 23219276.95034507, 22995267.030684453, 383832.05817920953]","[24110745.338027295, 23219276.95034507, 22995267.030684453, 383832.05817920953]","[24027202.68629563, 23219276.95034507, 22995267.030684453, 383832.05817920953]","[24268971.81436408, 23219276.95034507, 22995267.030684453, 383832.05817920953]","[24455426.134527657, 23219276.95034507, 22995267.030684453, 383832.05817920953]","[24205362.381036296, 23219276.95034507, 22995267.030684453, 383832.05817920953]","[24002899.01246696, 23219276.95034507, 22995267.030684453, 383832.05817920953]","[24044970.65958794, 23219276.95034507, 22995267.030684453, 383832.05817920953]","[24336858.735192418, 23219276.95034507, 22995267.030684453, 383832.05817920953]","[24338247.80607171, 23219276.95034507, 22995267.030684453, 383832.05817920953]","[24445775.21439874, 23219276.95034507, 22995267.030684453, 383832.05817920953]","[24104399.61736918, 23219276.95034507, 22995267.030684453, 383832.05817920953]","[24262230.784998763, 23219276.95034507, 22995267.030684453, 383832.05817920953]","[24021927.184481602, 23219276.95034507, 22995267.030684453, 383832.05817920953]","[24247212.368826177, 23219276.95034507, 22995267.030684453, 383832.05817920953]","[24139808.66335372, 23219276.95034507, 22995267.030684453, 383832.05817920953]","[24127280.060056023, 23219276.95034507, 22995267.030684453, 383832.05817920953]","[24082017.129110806, 23219276.95034507, 22995267.030684453, 383832.05817920953]","[24349475.179617584, 23219276.95034507, 22995267.030684453, 383832.05817920953]","[24079859.848732095, 23219276.95034507, 22995267.030684453, 383832.05817920953]","[24414915.29467698, 23219276.95034507, 22995267.030684453, 383832.05817920953]","[24464260.12457566, 23219276.95034507, 22995267.030684453, 383832.05817920953]","[24099797.36054548, 23219276.95034507, 22995267.030684453, 383832.05817920953]","[24188196.245588377, 23219276.95034507, 22995267.030684453, 383832.05817920953]","[24126344.17851985, 23219276.95034507, 22995267.030684453, 383832.05817920953]","[24186923.110306125, 23219276.95034507, 22995267.030684453, 383832.05817920953]","[23942737.149355095, 23219276.95034507, 22995267.030684453, 383832.05817920953]","[23988677.89675752, 23219276.95034507, 22995267.030684453, 383832.05817920953]","[24221966.682887442, 23219276.95034507, 22995267.030684453, 383832.05817920953]","[24081925.61580572, 23219276.95034507, 22995267.030684453, 383832.05817920953]","[24157862.813490774, 23219276.95034507, 22995267.030684453, 383832.05817920953]","[24167238.05413614, 23219276.95034507, 22995267.030684453, 383832.05817920953]","[24144035.77444981, 23219276.95034507, 22995267.030684453, 383832.05817920953]","[24241934.966615744, 23219276.95034507, 22995267.030684453, 383832.05817920953]","[24122436.180366103, 23219276.95034507, 22995267.030684453, 383832.05817920953]","[24232845.674290337, 23219276.95034507, 22995267.030684453, 383832.05817920953]","[24422331.638342686, 23219276.95034507, 22995267.030684453, 383832.05817920953]","[24446161.022992548, 23219276.95034507, 22995267.030684453, 383832.05817920953]","[24311540.381078474, 23219276.95034507, 22995267.030684453, 383832.05817920953]","[24307027.615221642, 23219276.95034507, 22995267.030684453, 383832.05817920953]","[24160523.054021765, 23219276.95034507, 22995267.030684453, 383832.05817920953]","[24022703.982507665, 23219276.95034507, 22995267.030684453, 383832.05817920953]"
"[23304373.559601218, 22372862.28713933, 22156343.64161059, 373351.63732044504]","[23640910.542939268, 22372862.28713933, 22156343.64161059, 373351.63732044504]","[23376477.521095052, 22372862.28713933, 22156343.64161059, 373351.63732044504]","[23311716.38736693, 22372862.28713933, 22156343.64161059, 373351.63732044504]","[23430386.58546019, 22372862.28713933, 22156343.64161059, 373351.63732044504]","[23324509.936602164, 22372862.28713933, 22156343.64161059, 373351.63732044504]","[23456330.684138436, 22372862.28713933, 22156343.64161059, 373351.63732044504]","[23350742.04020748, 22372862.28713933, 22156343.64161059, 373351.63732044504]","[23452547.91955042, 22372862.28713933, 22156343.64161059, 373351.63732044504]","[23336290.014317907, 22372862.28713933, 22156343.64161059, 373351.63732044504]","[23356084.875584163, 22372862.28713933, 22156343.64161059, 373351.63732044504]","[23544765.556333095, 22372862.28713933, 22156343.64161059, 373351.63732044504]","[23410775.5148264, 22372862.28713933, 22156343.64161059, 373351.63732044504]","[23331530.042919375, 22372862.28713933, 22156343.64161059, 373351.63732044504]","[23495707.943478163, 22372862.28713933, 22156343.64161059, 373351.63732044504]","[23440854.371975906, 22372862.28713933, 22156343.64161059, 373351.63732044504]","[23339900.090323973, 22372862.28713933, 22156343.64161059, 373351.63732044504]","[23318999.130025238, 22372862.28713933, 22156343.64161059, 373351.63732044504]","[23451842.450875442, 22372862.28713933, 22156343.64161059, 373351.63732044504]","[23423012.49431724, 22372862.28713933, 22156343.64161059, 373351.63732044504]","[23207967.96262067, 22372862.28713933, 22156343.64161059, 373351.63732044504]","[23485346.540033016, 22372862.28713933, 22156343.64161059, 373351.63732044504]","[23530957.037040155, 22372862.28713933, 22156343.64161059, 373351.63732044504]","[23584125.947510332, 22372862.28713933, 22156343.64161059, 373351.63732044504]","[23426770.619478237, 22372862.28713933, 22156343.64161059, 373351.63732044504]","[23611906.26128197, 22372862.28713933, 22156343.64161059, 373351.63732044504]","[23548441.321810536, 22372862.28713933, 22156343.64161059, 373351.63732044504]","[23404660.974656902, 22372862.28713933, 22156343.64161059, 373351.63732044504]","[23677617.52232606, 22372862.28713933, 22156343.64161059, 373351.63732044504]","[23512637.193660162, 22372862.28713933, 22156343.64161059, 373351.63732044504]","[23343274.64929065, 22372862.28713933, 22156343.64161059, 373351.63732044504]","[23173192.770105563, 22372862.28713933, 22156343.64161059, 373351.63732044504]","[23383340.11104349, 22372862.28713933, 22156343.64161059, 373351.63732044504]","[23310521.64892167, 22372862.28713933, 22156343.64161059, 373351.63732044504]","[23153227.01865633, 22372862.28713933, 22156343.64161059, 373351.63732044504]","[23874183.61038576, 22372862.28713933, 22156343.64161059, 373351.63732044504]","[23378153.813115716, 22372862.28713933, 22156343.64161059, 373351.63732044504]","[23328676.071578957, 22372862.28713933, 22156343.64161059, 373351.63732044504]","[23361774.287093285, 22372862.28713933, 22156343.64161059, 373351.63732044504]","[23448093.06602477, 22372862.28713933, 22156343.64161059, 373351.63732044504]","[23569184.360044498, 22372862.28713933, 22156343.64161059, 373351.63732044504]","[23612550.91754548, 22372862.28713933, 22156343.64161059, 373351.63732044504]","[23246759.262979306, 22372862.28713933, 22156343.64161059, 373351.63732044504]","[23374862.14116564, 22372862.28713933, 22156343.64161059, 373351.63732044504]","[23272781.65044232, 22372862.28713933, 22156343.64161059, 373351.63732044504]","[23272614.189799603, 22372862.28713933, 22156343.64161059, 373351.63732044504]","[23540951.006864194, 22372862.28713933, 22156343.64161059, 373351.63732044504]","[23273505.583492316, 22372862.28713933, 22156343.64161059, 373351.63732044504]","[23761035.505346224, 22372862.28713933, 22156343.64161059, 373351.63732044504]","[23823187.112018537, 22372862.28713933, 22156343.64161059, 373351.63732044504]"
"[23562864.691103633, 22541946.34362723, 22321447.9665105, 380981.360020117]","[24077955.526857313, 22541946.34362723, 22321447.9665105, 380981.360020117]","[23592446.17611631, 22541946.34362723, 22321447.9665105, 380981.360020117]","[23668411.825875726, 22541946.34362723, 22321447.9665105, 380981.360020117]","[23582017.16663321, 22541946.34362723, 22321447.9665105, 380981.360020117]","[23597581.64906307, 22541946.34362723, 22321447.9665105, 380981.360020117]","[23738731.604345918, 22541946.34362723, 22321447.9665105, 380981.360020117]","[23524227.774923068, 22541946.34362723, 22321447.9665105, 380981.360020117]","[23301273.71164908, 22541946.34362723, 22321447.9665105, 380981.360020117]","[23409957.1047591, 22541946.34362723, 22321447.9665105, 380981.360020117]","[23745666.52907345, 22541946.34362723, 22321447.9665105, 380981.360020117]","[23893225.761858933, 22541946.34362723, 22321447.9665105, 380981.360020117]","[23421583.94947687, 22541946.34362723, 22321447.9665105, 380981.360020117]","[23392957.79476283, 22541946.34362723, 22321447.9665105, 380981.360020117]","[23611861.928089485, 22541946.34362723, 22321447.9665105, 380981.360020117]","[23611350.020218067, 22541946.34362723, 22321447.9665105, 380981.360020117]","[23965766.469960313, 22541946.34362723, 22321447.9665105, 380981.360020117]","[23441146.56255136, 22541946.34362723, 22321447.9665105, 380981.360020117]","[23748110.13596516, 22541946.34362723, 22321447.9665105, 380981.360020117]","[23602999.05824843, 22541946.34362723, 22321447.9665105, 380981.360020117]","[23588602.841069777, 22541946.34362723, 22321447.9665105, 380981.360020117]","[23440970.33019165, 22541946.34362723, 22321447.9665105, 380981.360020117]","[23390367.11395921, 22541946.34362723, 22321447.9665105, 380981.360020117]","[23576539.47274186, 22541946.34362723, 22321447.9665105, 380981.360020117]","[23622928.48295881, 22541946.34362723, 22321447.9665105, 380981.360020117]","[23365081.65940618, 22541946.34362723, 22321447.9665105, 380981.360020117]","[23477502.802831367, 22541946.34362723, 22321447.9665105, 380981.360020117]","[23721341.252383374, 22541946.34362723, 22321447.9665105, 380981.360020117]","[23679928.61658319, 22541946.34362723, 22321447.9665105, 380981.360020117]","[23589426.697602365, 22541946.34362723, 22321447.9665105, 380981.360020117]","[23355949.476511862, 22541946.34362723, 22321447.9665105, 380981.360020117]","[23505202.067285586, 22541946.34362723, 22321447.9665105, 380981.360020117]","[23533763.44217389, 22541946.34362723, 22321447.9665105, 380981.360020117]","[23768967.81509313, 22541946.34362723, 22321447.9665105, 380981.360020117]","[23763631.507120494, 22541946.34362723, 22321447.9665105, 380981.360020117]","[23823436.11656275, 22541946.34362723, 22321447.9665105, 380981.360020117]","[23616306.121563952, 22541946.34362723, 22321447.9665105, 380981.360020117]","[23684518.83015022, 22541946.34362723, 22321447.9665105, 380981.360020117]","[23704085.33234701, 22541946.34362723, 22321447.9665105, 380981.360020117]","[23753758.543655396, 22541946.34362723, 22321447.9665105, 380981.360020117]","[23544338.14424582, 22541946.34362723, 22321447.9665105, 380981.360020117]","[23641714.84538349, 22541946.34362723, 22321447.9665105, 380981.360020117]","[23690813.40563127, 22541946.34362723, 22321447.9665105, 380981.360020117]","[23646049.989525326, 22541946.34362723, 22321447.9665105, 380981.360020117]","[23566771.565564997, 22541946.34362723, 22321447.9665105, 380981.360020117]","[23689828.014044844, 22541946.34362723, 22321447.9665105, 380981.360020117]","[23619459.03440252, 22541946.34362723, 22321447.9665105, 380981.360020117]","[23761390.69234275, 22541946.34362723, 22321447.9665105, 380981.360020117]","[23896591.90448986, 22541946.34362723, 22321447.9665105, 380981.360020117]","[23476348.332812674, 22541946.34362723, 22321447.9665105, 380981.360020117]"
"[24797539.66979417, 23973825.003693454, 23742895.49958825, 383634.04588631674]","[24860066.107508674, 23973825.003693454, 23742895.49958825, 383634.04588631674]","[25373189.40383138, 23973825.003693454, 23742895.49958825, 383634.04588631674]","[25098296.62647895, 23973825.003693454, 23742895.49958825, 383634.04588631674]","[24883525.91227835, 23973825.003693454, 23742895.49958825, 383634.04588631674]","[25057168.969715532, 23973825.003693454, 23742895.49958825, 383634.04588631674]","[25183982.894219592, 23973825.003693454, 23742895.49958825, 383634.04588631674]","[24982528.53964288, 23973825.003693454, 23742895.49958825, 383634.04588631674]","[25112177.933463156, 23973825.003693454, 23742895.49958825, 383634.04588631674]","[25032121.354785822, 23973825.003693454, 23742895.49958825, 383634.04588631674]","[24999734.973218225, 23973825.003693454, 23742895.49958825, 383634.04588631674]","[24974922.832456645, 23973825.003693454, 23742895.49958825, 383634.04588631674]","[25097136.80459895, 23973825.003693454, 23742895.49958825, 383634.04588631674]","[24915700.82162558, 23973825.003693454, 23742895.49958825, 383634.04588631674]","[24882908.00416808, 23973825.003693454, 23742895.49958825, 383634.04588631674]","[24984695.443898384, 23973825.003693454, 23742895.49958825, 383634.04588631674]","[25048531.393953018, 23973825.003693454, 23742895.49958825, 383634.04588631674]","[24894279.70118534, 23973825.003693454, 23742895.49958825, 383634.04588631674]","[24822600.19411406, 23973825.003693454, 23742895.49958825, 383634.04588631674]","[24858871.12360774, 23973825.003693454, 23742895.49958825, 383634.04588631674]","[25085776.209594034, 23973825.003693454, 23742895.49958825, 383634.04588631674]","[25114730.915621933, 23973825.003693454, 23742895.49958825, 383634.04588631674]","[25168338.396635927, 23973825.003693454, 23742895.49958825, 383634.04588631674]","[25147194.82049722, 23973825.003693454, 23742895.49958825, 383634.04588631674]","[24943900.531630103, 23973825.003693454, 23742895.49958825, 383634.04588631674]","[25201051.386982266, 23973825.003693454, 23742895.49958825, 383634.04588631674]","[25138165.05341735, 23973825.003693454, 23742895.49958825, 383634.04588631674]","[25255155.81847788, 23973825.003693454, 23742895.49958825, 383634.04588631674]","[25167646.946410645, 23973825.003693454, 23742895.49958825, 383634.04588631674]","[25208962.12484354, 23973825.003693454, 23742895.49958825, 383634.04588631674]","[25068020.510530803, 23973825.003693454, 23742895.49958825, 383634.04588631674]","[24795335.96057335, 23973825.003693454, 23742895.49958825, 383634.04588631674]","[24886698.64709651, 23973825.003693454, 23742895.49958825, 383634.04588631674]","[24845802.90128805, 23973825.003693454, 23742895.49958825, 383634.04588631674]","[24925817.454187933, 23973825.003693454, 23742895.49958825, 383634.04588631674]","[24961931.410214126, 23973825.003693454, 23742895.49958825, 383634.04588631674]","[25061071.377708554, 23973825.003693454, 23742895.49958825, 383634.04588631674]","[25024973.488626, 23973825.003693454, 23742895.49958825, 383634.04588631674]","[24984645.730975334, 23973825.003693454, 23742895.49958825, 383634.04588631674]","[24871870.694619875, 23973825.003693454, 23742895.49958825, 383634.04588631674]","[24873415.439872563, 23973825.003693454, 23742895.49958825, 383634.04588631674]","[25040875.780130155, 23973825.003693454, 23742895.49958825, 383634.04588631674]","[24939642.77701851, 23973825.003693454, 23742895.49958825, 383634.04588631674]","[25279171.21076932, 23973825.003693454, 23742895.49958825, 383634.04588631674]","[25086692.194394577, 23973825.003693454, 23742895.49958825, 383634.04588631674]","[24932649.58543728, 23973825.003693454, 23742895.49958825, 383634.04588631674]","[24905614.01847909, 23973825.003693454, 23742895.49958825, 383634.04588631674]","[24946780.02498583, 23973825.003693454, 23742895.49958825, 383634.04588631674]","[24831726.93838053, 23973825.003693454, 23742895.49958825, 383634.04588631674]","[24737108.06115396, 23973825.003693454, 23742895.49958825, 383634.04588631674]"
"[23629891.1748333, 22866156.533322174, 22648448.902806666, 383811.2357428208]","[24041023.93648491, 22866156.533322174, 22648448.902806666, 383811.2357428208]","[23824026.59781617, 22866156.533322174, 22648448.902806666, 383811.2357428208]","[24425558.154475756, 22866156.533322174, 22648448.902806666, 383811.2357428208]","[24079120.98156488, 22866156.533322174, 22648448.902806666, 383811.2357428208]","[23970410.648604233, 22866156.533322174, 22648448.902806666, 383811.2357428208]","[23960526.89559998, 22866156.533322174, 22648448.902806666, 383811.2357428208]","[24024617.7851295, 22866156.533322174, 22648448.902806666, 383811.2357428208]","[23885167.741047397, 22866156.533322174, 22648448.902806666, 383811.2357428208]","[23643072.87739403, 22866156.533322174, 22648448.902806666, 383811.2357428208]","[23926806.273561772, 22866156.533322174, 22648448.902806666, 383811.2357428208]","[23608903.768305458, 22866156.533322174, 22648448.902806666, 383811.2357428208]","[23897453.046544522, 22866156.533322174, 22648448.902806666, 383811.2357428208]","[23979673.563380722, 22866156.533322174, 22648448.902806666, 383811.2357428208]","[23745697.51052719, 22866156.533322174, 22648448.902806666, 383811.2357428208]","[23684468.50531235, 22866156.533322174, 22648448.902806666, 383811.2357428208]","[23915773.73749099, 22866156.533322174, 22648448.902806666, 383811.2357428208]","[24011869.330004808, 22866156.533322174, 22648448.902806666, 383811.2357428208]","[24086228.220167864, 22866156.533322174, 22648448.902806666, 383811.2357428208]","[23929633.656297952, 22866156.533322174, 22648448.902806666, 383811.2357428208]","[23764670.31915949, 22866156.533322174, 22648448.902806666, 383811.2357428208]","[23738006.68009594, 22866156.533322174, 22648448.902806666, 383811.2357428208]","[23647263.599241156, 22866156.533322174, 22648448.902806666, 383811.2357428208]","[23710714.86646154, 22866156.533322174, 22648448.902806666, 383811.2357428208]","[23879409.754368003, 22866156.533322174, 22648448.902806666, 383811.2357428208]","[23660592.529442057, 22866156.533322174, 22648448.902806666, 383811.2357428208]","[23676775.2528437, 22866156.533322174, 22648448.902806666, 383811.2357428208]","[23735069.423452552, 22866156.533322174, 22648448.902806666, 383811.2357428208]","[23639446.066113353, 22866156.533322174, 22648448.902806666, 383811.2357428208]","[23837941.968733635, 22866156.533322174, 22648448.902806666, 383811.2357428208]","[23817636.44604149, 22866156.533322174, 22648448.902806666, 383811.2357428208]","[23829692.20770205, 22866156.533322174, 22648448.902806666, 383811.2357428208]","[23761938.63197639, 22866156.533322174, 22648448.902806666, 383811.2357428208]","[23915696.510675095, 22866156.533322174, 22648448.902806666, 383811.2357428208]","[23922963.201645274, 22866156.533322174, 22648448.902806666, 383811.2357428208]","[24053651.98580582, 22866156.533322174, 22648448.902806666, 383811.2357428208]","[24026083.04532357, 22866156.533322174, 22648448.902806666, 383811.2357428208]","[23988465.122072965, 22866156.533322174, 22648448.902806666, 383811.2357428208]","[23898406.29042437, 22866156.533322174, 22648448.902806666, 383811.2357428208]","[23734569.920949195, 22866156.533322174, 22648448.902806666, 383811.2357428208]","[23755249.06976178, 22866156.533322174, 22648448.902806666, 383811.2357428208]","[23949147.784876827, 22866156.533322174, 22648448.902806666, 383811.2357428208]","[23903822.687008955, 22866156.533322174, 22648448.902806666, 383811.2357428208]","[23742462.844693735, 22866156.533322174, 22648448.902806666, 383811.2357428208]","[23999827.759267163, 22866156.533322174, 22648448.902806666, 383811.2357428208]","[23729053.21879262, 22866156.533322174, 22648448.902806666, 383811.2357428208]","[23931569.16827802, 22866156.533322174, 22648448.902806666, 383811.2357428208]","[23866072.340323977, 22866156.533322174, 22648448.902806666, 383811.2357428208]","[23734430.647507578, 22866156.533322174, 22648448.902806666, 383811.2357428208]","[23685489.960311666, 22866156.533322174, 22648448.902806666, 383811.2357428208]"
"[24922100.563134328, 23589212.746893812, 23378853.24621611, 370290.18605124066]","[24528619.581603575, 23589212.746893812, 23378853.24621611, 370290.18605124066]","[24439608.37919209, 23589212.746893812, 23378853.24621611, 370290.18605124066]","[24696433.44070965, 23589212.746893812, 23378853.24621611, 370290.18605124066]","[24844647.168476883, 23589212.746893812, 23378853.24621611, 370290.18605124066]","[24818838.366311036, 23589212.746893812, 23378853.24621611, 370290.18605124066]","[25000156.124081466, 23589212.746893812, 23378853.24621611, 370290.18605124066]","[24408229.542438272, 23589212.746893812, 23378853.24621611, 370290.18605124066]","[24535144.148887493, 23589212.746893812, 23378853.24621611, 370290.18605124066]","[24622130.829721563, 23589212.746893812, 23378853.24621611, 370290.18605124066]","[24688066.07783362, 23589212.746893812, 23378853.24621611, 370290.18605124066]","[24620946.689770963, 23589212.746893812, 23378853.24621611, 370290.18605124066]","[24792136.593674485, 23589212.746893812, 23378853.24621611, 370290.18605124066]","[24493810.65504532, 23589212.746893812, 23378853.24621611, 370290.18605124066]","[24509884.458595634, 23589212.746893812, 23378853.24621611, 370290.18605124066]","[24471906.86326008, 23589212.746893812, 23378853.24621611, 370290.18605124066]","[24487543.63605018, 23589212.746893812, 23378853.24621611, 370290.18605124066]","[24407044.776502516, 23589212.746893812, 23378853.24621611, 370290.18605124066]","[24482140.464126848, 23589212.746893812, 23378853.24621611, 370290.18605124066]","[24489901.78116461, 23589212.746893812, 23378853.24621611, 370290.18605124066]","[24416809.99447867, 23589212.746893812, 23378853.24621611, 370290.18605124066]","[24485676.80864989, 23589212.746893812, 23378853.24621611, 370290.18605124066]","[24631090.14696597, 23589212.746893812, 23378853.24621611, 370290.18605124066]","[24444760.7268414, 23589212.746893812, 23378853.24621611, 370290.18605124066]","[24566427.52546661, 23589212.746893812, 23378853.24621611, 370290.18605124066]","[24545616.66240745, 23589212.746893812, 23378853.24621611, 370290.18605124066]","[24789715.177864723, 23589212.746893812, 23378853.24621611, 370290.18605124066]","[24454504.472879283, 23589212.746893812, 23378853.24621611, 370290.18605124066]","[24691335.343778834, 23589212.746893812, 23378853.24621611, 370290.18605124066]","[24505641.589440282, 23589212.746893812, 23378853.24621611, 370290.18605124066]","[24621197.801129404, 23589212.746893812, 23378853.24621611, 370290.18605124066]","[24585265.96512376, 23589212.746893812, 23378853.24621611, 370290.18605124066]","[24365153.94007022, 23589212.746893812, 23378853.24621611, 370290.18605124066]","[24478832.32509878, 23589212.746893812, 23378853.24621611, 370290.18605124066]","[24328221.017493684, 23589212.746893812, 23378853.24621611, 370290.18605124066]","[24570204.353805266, 23589212.746893812, 23378853.24621611, 370290.18605124066]","[24461816.640614055, 23589212.746893812, 23378853.24621611, 370290.18605124066]","[24661570.87980314, 23589212.746893812, 23378853.24621611, 370290.18605124066]","[24519597.83261356, 23589212.746893812, 23378853.24621611, 370290.18605124066]","[24292716.799938057, 23589212.746893812, 23378853.24621611, 370290.18605124066]","[24384860.196052864, 23589212.746893812, 23378853.24621611, 370290.18605124066]","[24528699.413044944, 23589212.746893812, 23378853.24621611, 370290.18605124066]","[24774125.64164172, 23589212.746893812, 23378853.24621611, 370290.18605124066]","[24761738.431944255, 23589212.746893812, 23378853.24621611, 370290.18605124066]","[24472351.200133495, 23589212.746893812, 23378853.24621611, 370290.18605124066]","[24817493.55633395, 23589212.746893812, 23378853.24621611, 370290.18605124066]","[24587496.53962735, 23589212.746893812, 23378853.24621611, 370290.18605124066]","[24356580.24944094, 23589212.746893812, 23378853.24621611, 370290.18605124066]","[24484162.786788397, 23589212.746893812, 23378853.24621611, 370290.18605124066]","[24721749.88317299, 23589212.746893812, 23378853.24621611, 370290.18605124066]"
"[24702022.42411721, 23455346.80083752, 23218200.11778491, 388734.7317653077]","[24508449.2740401, 23455346.80083752, 23218200.11778491, 388734.7317653077]","[24675258.407551393, 23455346.80083752, 23218200.11778491, 388734.7317653077]","[24701392.415934395, 23455346.80083752, 23218200.11778491, 388734.7317653077]","[24502939.486639913, 23455346.80083752, 23218200.11778491, 388734.7317653077]","[24479769.704420652, 23455346.80083752, 23218200.11778491, 388734.7317653077]","[25106553.45518089, 23455346.80083752, 23218200.11778491, 388734.7317653077]","[25066937.25466957, 23455346.80083752, 23218200.11778491, 388734.7317653077]","[24635139.86173711, 23455346.80083752, 23218200.11778491, 388734.7317653077]","[24896996.44425674, 23455346.80083752, 23218200.11778491, 388734.7317653077]","[24440445.15522081, 23455346.80083752, 23218200.11778491, 388734.7317653077]","[24980741.202277, 23455346.80083752, 23218200.11778491, 388734.7317653077]","[24470199.68999528, 23455346.80083752, 23218200.11778491, 388734.7317653077]","[24648730.217756048, 23455346.80083752, 23218200.11778491, 388734.7317653077]","[24513492.174321655, 23455346.80083752, 23218200.11778491, 388734.7317653077]","[24560488.592905946, 23455346.80083752, 23218200.11778491, 388734.7317653077]","[24763048.195898764, 23455346.80083752, 23218200.11778491, 388734.7317653077]","[24727559.504655432, 23455346.80083752, 23218200.11778491, 388734.7317653077]","[24617813.87646853, 23455346.80083752, 23218200.11778491, 388734.7317653077]","[24524653.717481826, 23455346.80083752, 23218200.11778491, 388734.7317653077]","[24897395.923990075, 23455346.80083752, 23218200.11778491, 388734.7317653077]","[24733346.3144646, 23455346.80083752, 23218200.11778491, 388734.7317653077]","[24586136.918070827, 23455346.80083752, 23218200.11778491, 388734.7317653077]","[24725644.652389422, 23455346.80083752, 23218200.11778491, 388734.7317653077]","[24582359.93300708, 23455346.80083752, 23218200.11778491, 388734.7317653077]","[24694525.16798413, 23455346.80083752, 23218200.11778491, 388734.7317653077]","[24374307.43384952, 23455346.80083752, 23218200.11778491, 388734.7317653077]","[24753480.629304264, 23455346.80083752, 23218200.11778491, 388734.7317653077]","[24352747.88032294, 23455346.80083752, 23218200.11778491, 388734.7317653077]","[24607860.067615088, 23455346.80083752, 23218200.11778491, 388734.7317653077]","[24736588.067379564, 23455346.80083752, 23218200.11778491, 388734.7317653077]","[24778674.176255565, 23455346.80083752, 23218200.11778491, 388734.7317653077]","[24818639.668734174, 23455346.80083752, 23218200.11778491, 388734.7317653077]","[24491236.99464558, 23455346.80083752, 23218200.11778491, 388734.7317653077]","[24658392.426512837, 23455346.80083752, 23218200.11778491, 388734.7317653077]","[24564218.32183627, 23455346.80083752, 23218200.11778491, 388734.7317653077]","[24670710.573619567, 23455346.80083752, 23218200.11778491, 388734.7317653077]","[24727408.16832078, 23455346.80083752, 23218200.11778491, 388734.7317653077]","[24643328.459257774, 23455346.80083752, 23218200.11778491, 388734.7317653077]","[24636451.555344794, 23455346.80083752, 23218200.11778491, 388734.7317653077]","[24703807.94683431, 23455346.80083752, 23218200.11778491, 388734.7317653077]","[24789010.619466543, 23455346.80083752, 23218200.11778491, 388734.7317653077]","[24733323.58801108, 23455346.80083752, 23218200.11778491, 388734.7317653077]","[24892020.218863223, 23455346.80083752, 23218200.11778491, 388734.7317653077]","[24699469.7495337, 23455346.80083752, 23218200.11778491, 388734.7317653077]","[24918137.625231177, 23455346.80083752, 23218200.11778491, 388734.7317653077]","[24761977.90914608, 23455346.80083752, 23218200.11778491, 388734.7317653077]","[24654236.973712005, 23455346.80083752, 23218200.11778491, 388734.7317653077]","[24688647.009410545, 23455346.80083752, 23218200.11778491, 388734.7317653077]","[24516182.990236983, 23455346.80083752, 23218200.11778491, 388734.7317653077]"
"[24701207.376576953, 23424068.843786545, 23207198.188279346, 379614.7238819261]","[24593174.091054607, 23424068.843786545, 23207198.188279346, 379614.7238819261]","[24506615.16987849, 23424068.843786545, 23207198.188279346, 379614.7238819261]","[24497963.719709635, 23424068.843786545, 23207198.188279346, 379614.7238819261]","[24383060.3597211, 23424068.843786545, 23207198.188279346, 379614.7238819261]","[24571609.604388632, 23424068.843786545, 23207198.188279346, 379614.7238819261]","[24362458.9576864, 23424068.843786545, 23207198.188279346, 379614.7238819261]","[24191905.644144736, 23424068.843786545, 23207198.188279346, 379614.7238819261]","[24425269.23799879, 23424068.843786545, 23207198.188279346, 379614.7238819261]","[24320525.49535125, 23424068.843786545, 23207198.188279346, 379614.7238819261]","[24237261.795097966, 23424068.843786545, 23207198.188279346, 379614.7238819261]","[24195996.066625006, 23424068.843786545, 23207198.188279346, 379614.7238819261]","[24584821.58465249, 23424068.843786545, 23207198.188279346, 379614.7238819261]","[24549658.299835667, 23424068.843786545, 23207198.188279346, 379614.7238819261]","[24231031.01432168, 23424068.843786545, 23207198.188279346, 379614.7238819261]","[24426630.20358437, 23424068.843786545, 23207198.188279346, 379614.7238819261]","[24453436.42399983, 23424068.843786545, 23207198.188279346, 379614.7238819261]","[24418205.39421815, 23424068.843786545, 23207198.188279346, 379614.7238819261]","[24274929.913554084, 23424068.843786545, 23207198.188279346, 379614.7238819261]","[24240436.12791153, 23424068.843786545, 23207198.188279346, 379614.7238819261]","[24480982.49004713, 23424068.843786545, 23207198.188279346, 379614.7238819261]","[24378617.608796917, 23424068.843786545, 23207198.188279346, 379614.7238819261]","[24365560.662874494, 23424068.843786545, 23207198.188279346, 379614.7238819261]","[24138945.67180598, 23424068.843786545, 23207198.188279346, 379614.7238819261]","[24343976.166860674, 23424068.843786545, 23207198.188279346, 379614.7238819261]","[24428004.162033457, 23424068.843786545, 23207198.188279346, 379614.7238819261]","[24278683.997013044, 23424068.843786545, 23207198.188279346, 379614.7238819261]","[24296201.757937964, 23424068.843786545, 23207198.188279346, 379614.7238819261]","[24174339.246778388, 23424068.843786545, 23207198.188279346, 379614.7238819261]","[24269157.453381278, 23424068.843786545, 23207198.188279346, 379614.7238819261]","[24306929.440684795, 23424068.843786545, 23207198.188279346, 379614.7238819261]","[24303096.347557332, 23424068.843786545, 23207198.188279346, 379614.7238819261]","[24549172.15854005, 23424068.843786545, 23207198.188279346, 379614.7238819261]","[24396217.09912658, 23424068.843786545, 23207198.188279346, 379614.7238819261]","[24294507.167195924, 23424068.843786545, 23207198.188279346, 379614.7238819261]","[24452338.604469404, 23424068.843786545, 23207198.188279346, 379614.7238819261]","[24325325.147026334, 23424068.843786545, 23207198.188279346, 379614.7238819261]","[24327351.57430462, 23424068.843786545, 23207198.188279346, 379614.7238819261]","[24246049.446467984, 23424068.843786545, 23207198.188279346, 379614.7238819261]","[24296235.728990957, 23424068.843786545, 23207198.188279346, 379614.7238819261]","[24394870.587444823, 23424068.843786545, 23207198.188279346, 379614.7238819261]","[24350559.85984785, 23424068.843786545, 23207198.188279346, 379614.7238819261]","[24349306.783558853, 23424068.843786545, 23207198.188279346, 379614.7238819261]","[24384502.860444, 23424068.843786545, 23207198.188279346, 379614.7238819261]","[24510060.159677636, 23424068.843786545, 23207198.188279346, 379614.7238819261]","[24414951.63209758, 23424068.843786545, 23207198.188279346, 379614.7238819261]","[24339044.128218614, 23424068.843786545, 23207198.188279346, 379614.7238819261]","[24369701.517545104, 23424068.843786545, 23207198.188279346, 379614.7238819261]","[24329417.114780538, 23424068.843786545, 23207198.188279346, 379614.7238819261]","[24745961.629571117, 23424068.843786545, 23207198.188279346, 379614.7238819261]"
"[24861331.582790557, 23701273.437746536, 23453372.60957242, 395610.6032850487]","[25119546.709577397, 23701273.437746536, 23453372.60957242, 395610.6032850487]","[25252590.386758093, 23701273.437746536, 23453372.60957242, 395610.6032850487]","[24977767.2547314, 23701273.437746536, 23453372.60957242, 395610.6032850487]","[24974107.11781983, 23701273.437746536, 23453372.60957242, 395610.6032850487]","[24841959.158103265, 23701273.437746536, 23453372.60957242, 395610.6032850487]","[24824409.480644234, 23701273.437746536, 23453372.60957242, 395610.6032850487]","[24853843.94891691, 23701273.437746536, 23453372.60957242, 395610.6032850487]","[24924311.270310126, 23701273.437746536, 23453372.60957242, 395610.6032850487]","[24987560.564118683, 23701273.437746536, 23453372.60957242, 395610.6032850487]","[24768740.63914417, 23701273.437746536, 23453372.60957242, 395610.6032850487]","[25351078.15735717, 23701273.437746536, 23453372.60957242, 395610.6032850487]","[24742931.27461515, 23701273.437746536, 23453372.60957242, 395610.6032850487]","[25068543.49959285, 23701273.437746536, 23453372.60957242, 395610.6032850487]","[24773526.04638997, 23701273.437746536, 23453372.60957242, 395610.6032850487]","[25008663.970766224, 23701273.437746536, 23453372.60957242, 395610.6032850487]","[24832348.09578109, 23701273.437746536, 23453372.60957242, 395610.6032850487]","[24958142.339224372, 23701273.437746536, 23453372.60957242, 395610.6032850487]","[24982053.491003443, 23701273.437746536, 23453372.60957242, 395610.6032850487]","[25099873.965910055, 23701273.437746536, 23453372.60957242, 395610.6032850487]","[24958511.417208944, 23701273.437746536, 23453372.60957242, 395610.6032850487]","[25093207.06358243, 23701273.437746536, 23453372.60957242, 395610.6032850487]","[25121454.675072834, 23701273.437746536, 23453372.60957242, 395610.6032850487]","[25099375.930343464, 23701273.437746536, 23453372.60957242, 395610.6032850487]","[24957724.298573893, 23701273.437746536, 23453372.60957242, 395610.6032850487]","[24898228.18579028, 23701273.437746536, 23453372.60957242, 395610.6032850487]","[24989739.72082043, 23701273.437746536, 23453372.60957242, 395610.6032850487]","[24987927.14114288, 23701273.437746536, 23453372.60957242, 395610.6032850487]","[24985909.506741237, 23701273.437746536, 23453372.60957242, 395610.6032850487]","[24992459.92264433, 23701273.437746536, 23453372.60957242, 395610.6032850487]","[24803065.861137666, 23701273.437746536, 23453372.60957242, 395610.6032850487]","[25112980.22117994, 23701273.437746536, 23453372.60957242, 395610.6032850487]","[25141239.474142313, 23701273.437746536, 23453372.60957242, 395610.6032850487]","[24870782.765718628, 23701273.437746536, 23453372.60957242, 395610.6032850487]","[24956069.531368457, 23701273.437746536, 23453372.60957242, 395610.6032850487]","[25027502.20413327, 23701273.437746536, 23453372.60957242, 395610.6032850487]","[24633254.51045817, 23701273.437746536, 23453372.60957242, 395610.6032850487]","[24947897.331622906, 23701273.437746536, 23453372.60957242, 395610.6032850487]","[25254011.83768779, 23701273.437746536, 23453372.60957242, 395610.6032850487]","[24861500.942973442, 23701273.437746536, 23453372.60957242, 395610.6032850487]","[24662265.621556863, 23701273.437746536, 23453372.60957242, 395610.6032850487]","[24687704.489321444, 23701273.437746536, 23453372.60957242, 395610.6032850487]","[24972577.663855977, 23701273.437746536, 23453372.60957242, 395610.6032850487]","[25024768.364046082, 23701273.437746536, 23453372.60957242, 395610.6032850487]","[24963823.356601268, 23701273.437746536, 23453372.60957242, 395610.6032850487]","[24757032.032322243, 23701273.437746536, 23453372.60957242, 395610.6032850487]","[24663132.490493573, 23701273.437746536, 23453372.60957242, 395610.6032850487]","[24926141.95889381, 23701273.437746536, 23453372.60957242, 395610.6032850487]","[24661687.033231962, 23701273.437746536, 23453372.60957242, 395610.6032850487]","[25170319.440486982, 23701273.437746536, 23453372.60957242, 395610.6032850487]"
"[24457796.165294815, 23286792.175049953, 23059176.596472558, 386722.10576871084]","[24183955.721855592, 23286792.175049953, 23059176.596472558, 386722.10576871084]","[24223898.503315646, 23286792.175049953, 23059176.596472558, 386722.10576871084]","[24287097.4796009, 23286792.175049953, 23059176.596472558, 386722.10576871084]","[24266262.12890857, 23286792.175049953, 23059176.596472558, 386722.10576871084]","[24132195.350762084, 23286792.175049953, 23059176.596472558, 386722.10576871084]","[24116843.112927727, 23286792.175049953, 23059176.596472558, 386722.10576871084]","[24492251.126641124, 23286792.175049953, 23059176.596472558, 386722.10576871084]","[24173905.42285541, 23286792.175049953, 23059176.596472558, 386722.10576871084]","[24264663.633321468, 23286792.175049953, 23059176.596472558, 386722.10576871084]","[24158473.77989579, 23286792.175049953, 23059176.596472558, 386722.10576871084]","[24135029.96021098, 23286792.175049953, 23059176.596472558, 386722.10576871084]","[24229492.20979817, 23286792.175049953, 23059176.596472558, 386722.10576871084]","[24084664.185968097, 23286792.175049953, 23059176.596472558, 386722.10576871084]","[24277272.280112103, 23286792.175049953, 23059176.596472558, 386722.10576871084]","[24259925.479075994, 23286792.175049953, 23059176.596472558, 386722.10576871084]","[24368051.316645693, 23286792.175049953, 23059176.596472558, 386722.10576871084]","[24525847.190171972, 23286792.175049953, 23059176.596472558, 386722.10576871084]","[24197007.121239536, 23286792.175049953, 23059176.596472558, 386722.10576871084]","[24161648.49434742, 23286792.175049953, 23059176.596472558, 386722.10576871084]","[24337862.897174377, 23286792.175049953, 23059176.596472558, 386722.10576871084]","[24396025.74868368, 23286792.175049953, 23059176.596472558, 386722.10576871084]","[24198950.280770645, 23286792.175049953, 23059176.596472558, 386722.10576871084]","[24205184.679823864, 23286792.175049953, 23059176.596472558, 386722.10576871084]","[24597510.63300592, 23286792.175049953, 23059176.596472558, 386722.10576871084]","[24632610.651475552, 23286792.175049953, 23059176.596472558, 386722.10576871084]","[24655761.43549582, 23286792.175049953, 23059176.596472558, 386722.10576871084]","[24120873.082015052, 23286792.175049953, 23059176.596472558, 386722.10576871084]","[24198621.755210936, 23286792.175049953, 23059176.596472558, 386722.10576871084]","[24282238.600210372, 23286792.175049953, 23059176.596472558, 386722.10576871084]","[24270608.94254112, 23286792.175049953, 23059176.596472558, 386722.10576871084]","[24093520.173236366, 23286792.175049953, 23059176.596472558, 386722.10576871084]","[24051201.06869526, 23286792.175049953, 23059176.596472558, 386722.10576871084]","[24237448.871387664, 23286792.175049953, 23059176.596472558, 386722.10576871084]","[24173564.410765953, 23286792.175049953, 23059176.596472558, 386722.10576871084]","[24352266.495229572, 23286792.175049953, 23059176.596472558, 386722.10576871084]","[24192336.82236352, 23286792.175049953, 23059176.596472558, 386722.10576871084]","[24248925.174417328, 23286792.175049953, 23059176.596472558, 386722.10576871084]","[24201496.066812523, 23286792.175049953, 23059176.596472558, 386722.10576871084]","[24215327.727704745, 23286792.175049953, 23059176.596472558, 386722.10576871084]","[24375215.799797773, 23286792.175049953, 23059176.596472558, 386722.10576871084]","[24500855.98594806, 23286792.175049953, 23059176.596472558, 386722.10576871084]","[24249931.2316806, 23286792.175049953, 23059176.596472558, 386722.10576871084]","[24242851.94528242, 23286792.175049953, 23059176.596472558, 386722.10576871084]","[24082031.05031602, 23286792.175049953, 23059176.596472558, 386722.10576871084]","[24270016.14149198, 23286792.175049953, 23059176.596472558, 386722.10576871084]","[24152639.769752044, 23286792.175049953, 23059176.596472558, 386722.10576871084]","[24165456.88122011, 23286792.175049953, 23059176.596472558, 386722.10576871084]","[24155563.44248445, 23286792.175049953, 23059176.596472558, 386722.10576871084]","[24205264.233763043, 23286792.175049953, 23059176.596472558, 386722.10576871084]"
"[23743829.268085048, 22450124.445922516, 22230027.264685743, 381151.16156394914]","[23558215.253688384, 22450124.445922516, 22230027.264685743, 381151.16156394914]","[23319799.56556682, 22450124.445922516, 22230027.264685743, 381151.16156394914]","[23475556.602456555, 22450124.445922516, 22230027.264685743, 381151.16156394914]","[23704451.357995655, 22450124.445922516, 22230027.264685743, 381151.16156394914]","[23779516.224070758, 22450124.445922516, 22230027.264685743, 381151.16156394914]","[23791991.64330702, 22450124.445922516, 22230027.264685743, 381151.16156394914]","[23627045.219109464, 22450124.445922516, 22230027.264685743, 381151.16156394914]","[23623581.466317356, 22450124.445922516, 22230027.264685743, 381151.16156394914]","[23801913.12245928, 22450124.445922516, 22230027.264685743, 381151.16156394914]","[23664558.54074243, 22450124.445922516, 22230027.264685743, 381151.16156394914]","[23377532.15791576, 22450124.445922516, 22230027.264685743, 381151.16156394914]","[23437651.78468123, 22450124.445922516, 22230027.264685743, 381151.16156394914]","[23498372.119664732, 22450124.445922516, 22230027.264685743, 381151.16156394914]","[24145983.028159663, 22450124.445922516, 22230027.264685743, 381151.16156394914]","[23443899.605592243, 22450124.445922516, 22230027.264685743, 381151.16156394914]","[23802937.005342323, 22450124.445922516, 22230027.264685743, 381151.16156394914]","[23361783.57426756, 22450124.445922516, 22230027.264685743, 381151.16156394914]","[23741894.37023028, 22450124.445922516, 22230027.264685743, 381151.16156394914]","[23652723.348043375, 22450124.445922516, 22230027.264685743, 381151.16156394914]","[23770221.43684462, 22450124.445922516, 22230027.264685743, 381151.16156394914]","[23391865.599457208, 22450124.445922516, 22230027.264685743, 381151.16156394914]","[23459479.16973852, 22450124.445922516, 22230027.264685743, 381151.16156394914]","[23538200.420442045, 22450124.445922516, 22230027.264685743, 381151.16156394914]","[23560628.137782864, 22450124.445922516, 22230027.264685743, 381151.16156394914]","[23607118.268002644, 22450124.445922516, 22230027.264685743, 381151.16156394914]","[23317181.662085555, 22450124.445922516, 22230027.264685743, 381151.16156394914]","[23716259.241553225, 22450124.445922516, 22230027.264685743, 381151.16156394914]","[23319077.79977883, 22450124.445922516, 22230027.264685743, 381151.16156394914]","[23966871.92726797, 22450124.445922516, 22230027.264685743, 381151.16156394914]","[23510840.9688385, 22450124.445922516, 22230027.264685743, 381151.16156394914]","[23550441.13736625, 22450124.445922516, 22230027.264685743, 381151.16156394914]","[23289808.258816943, 22450124.445922516, 22230027.264685743, 381151.16156394914]","[23819340.06673599, 22450124.445922516, 22230027.264685743, 381151.16156394914]","[23654645.57908511, 22450124.445922516, 22230027.264685743, 381151.16156394914]","[23680723.07866071, 22450124.445922516, 22230027.264685743, 381151.16156394914]","[23707090.72944708, 22450124.445922516, 22230027.264685743, 381151.16156394914]","[23382775.251847256, 22450124.445922516, 22230027.264685743, 381151.16156394914]","[23531756.330098316, 22450124.445922516, 22230027.264685743, 381151.16156394914]","[23791798.56214856, 22450124.445922516, 22230027.264685743, 381151.16156394914]","[23407707.255846534, 22450124.445922516, 22230027.264685743, 381151.16156394914]","[23418243.230031475, 22450124.445922516, 22230027.264685743, 381151.16156394914]","[23269265.567313615, 22450124.445922516, 22230027.264685743, 381151.16156394914]","[23612682.699545406, 22450124.445922516, 22230027.264685743, 381151.16156394914]","[23424730.81300118, 22450124.445922516, 22230027.264685743, 381151.16156394914]","[23610394.221251417, 22450124.445922516, 22230027.264685743, 381151.16156394914]","[23535742.956088517, 22450124.445922516, 22230027.264685743, 381151.16156394914]","[23684845.18187749, 22450124.445922516, 22230027.264685743, 381151.16156394914]","[23480223.15923569, 22450124.445922516, 22230027.264685743, 381151.16156394914]","[23834642.768713087, 22450124.445922516, 22230027.264685743, 381151.16156394914]"
"[24285552.9560039, 23220812.570042983, 22996543.575660564, 390191.62476483703]","[24196582.690802533, 23220812.570042983, 22996543.575660564, 390191.62476483703]","[24740556.4023278, 23220812.570042983, 22996543.575660564, 390191.62476483703]","[24381567.68406561, 23220812.570042983, 22996543.575660564, 390191.62476483703]","[24447138.90819318, 23220812.570042983, 22996543.575660564, 390191.62476483703]","[24115192.265289765, 23220812.570042983, 22996543.575660564, 390191.62476483703]","[24258775.555881355, 23220812.570042983, 22996543.575660564, 390191.62476483703]","[24020138.299812917, 23220812.570042983, 22996543.575660564, 390191.62476483703]","[24028857.05070455, 23220812.570042983, 22996543.575660564, 390191.62476483703]","[24199682.207824092, 23220812.570042983, 22996543.575660564, 390191.62476483703]","[24336631.430532537, 23220812.570042983, 22996543.575660564, 390191.62476483703]","[24322256.897972893, 23220812.570042983, 22996543.575660564, 390191.62476483703]","[24321362.982378647, 23220812.570042983, 22996543.575660564, 390191.62476483703]","[24257342.721851233, 23220812.570042983, 22996543.575660564, 390191.62476483703]","[24188999.863681447, 23220812.570042983, 22996543.575660564, 390191.62476483703]","[24300372.097869743, 23220812.570042983, 22996543.575660564, 390191.62476483703]","[24060541.193217464, 23220812.570042983, 22996543.575660564, 390191.62476483703]","[24198330.05448218, 23220812.570042983, 22996543.575660564, 390191.62476483703]","[24283447.67090862, 23220812.570042983, 22996543.575660564, 390191.62476483703]","[24281520.949849583, 23220812.570042983, 22996543.575660564, 390191.62476483703]","[24387665.51232829, 23220812.570042983, 22996543.575660564, 390191.62476483703]","[24410337.075758766, 23220812.570042983, 22996543.575660564, 390191.62476483703]","[24186134.055174023, 23220812.570042983, 22996543.575660564, 390191.62476483703]","[24186294.96059007, 23220812.570042983, 22996543.575660564, 390191.62476483703]","[24335724.117265746, 23220812.570042983, 22996543.575660564, 390191.62476483703]","[24092117.42007726, 23220812.570042983, 22996543.575660564, 390191.62476483703]","[24206759.094391394, 23220812.570042983, 22996543.575660564, 390191.62476483703]","[24569822.2208631, 23220812.570042983, 22996543.575660564, 390191.62476483703]","[24089766.631232053, 23220812.570042983, 22996543.575660564, 390191.62476483703]","[24198113.417323824, 23220812.570042983, 22996543.575660564, 390191.62476483703]","[24496442.973948687, 23220812.570042983, 22996543.575660564, 390191.62476483703]","[24293127.180062767, 23220812.570042983, 22996543.575660564, 390191.62476483703]","[24234799.433650088, 23220812.570042983, 22996543.575660564, 390191.62476483703]","[24619539.25464414, 23220812.570042983, 22996543.575660564, 390191.62476483703]","[23973779.700228754, 23220812.570042983, 22996543.575660564, 390191.62476483703]","[24497876.809709404, 23220812.570042983, 22996543.575660564, 390191.62476483703]","[24258834.454273, 23220812.570042983, 22996543.575660564, 390191.62476483703]","[23981493.75528996, 23220812.570042983, 22996543.575660564, 390191.62476483703]","[24214302.17656237, 23220812.570042983, 22996543.575660564, 390191.62476483703]","[24175009.893918008, 23220812.570042983, 22996543.575660564, 390191.62476483703]","[24067801.167773772, 23220812.570042983, 22996543.575660564, 390191.62476483703]","[24195742.636149433, 23220812.570042983, 22996543.575660564, 390191.62476483703]","[24286632.996944036, 23220812.570042983, 22996543.575660564, 390191.62476483703]","[24542946.694463883, 23220812.570042983, 22996543.575660564, 390191.62476483703]","[24551566.025023594, 23220812.570042983, 22996543.575660564, 390191.62476483703]","[24116637.39920801, 23220812.570042983, 22996543.575660564, 390191.62476483703]","[24413832.400974937, 23220812.570042983, 22996543.575660564, 390191.62476483703]","[24247863.10314169, 23220812.570042983, 22996543.575660564, 390191.62476483703]","[24445119.21565627, 23220812.570042983, 22996543.575660564, 390191.62476483703]","[24091372.518142194, 23220812.570042983, 22996543.575660564, 390191.62476483703]"
"[24115268.61552152, 22565015.892351173, 22332077.73855581, 392296.99073136994]","[23561491.907184914, 22565015.892351173, 22332077.73855581, 392296.99073136994]","[23760869.00341603, 22565015.892351173, 22332077.73855581, 392296.99073136994]","[23602928.44714568, 22565015.892351173, 22332077.73855581, 392296.99073136994]","[23607430.395521283, 22565015.892351173, 22332077.73855581, 392296.99073136994]","[23797447.663976304, 22565015.892351173, 22332077.73855581, 392296.99073136994]","[23903316.212766726, 22565015.892351173, 22332077.73855581, 392296.99073136994]","[24022716.207407814, 22565015.892351173, 22332077.73855581, 392296.99073136994]","[24068342.937573243, 22565015.892351173, 22332077.73855581, 392296.99073136994]","[23870975.792715564, 22565015.892351173, 22332077.73855581, 392296.99073136994]","[23685616.476819247, 22565015.892351173, 22332077.73855581, 392296.99073136994]","[23949559.135567542, 22565015.892351173, 22332077.73855581, 392296.99073136994]","[24165681.415586896, 22565015.892351173, 22332077.73855581, 392296.99073136994]","[24451536.812188473, 22565015.892351173, 22332077.73855581, 392296.99073136994]","[23569334.806398604, 22565015.892351173, 22332077.73855581, 392296.99073136994]","[23501889.81402736, 22565015.892351173, 22332077.73855581, 392296.99073136994]","[23695015.464644175, 22565015.892351173, 22332077.73855581, 392296.99073136994]","[23707615.55573515, 22565015.892351173, 22332077.73855581, 392296.99073136994]","[23579927.28990029, 22565015.892351173, 22332077.73855581, 392296.99073136994]","[23988195.712526105, 22565015.892351173, 22332077.73855581, 392296.99073136994]","[23679941.885237444, 22565015.892351173, 22332077.73855581, 392296.99073136994]","[23724324.975786258, 22565015.892351173, 22332077.73855581, 392296.99073136994]","[23679586.395599514, 22565015.892351173, 22332077.73855581, 392296.99073136994]","[23697619.339836366, 22565015.892351173, 22332077.73855581, 392296.99073136994]","[23631234.611401543, 22565015.892351173, 22332077.73855581, 392296.99073136994]","[24165680.17884373, 22565015.892351173, 22332077.73855581, 392296.99073136994]","[23690881.22375002, 22565015.892351173, 22332077.73855581, 392296.99073136994]","[23845211.10397001, 22565015.892351173, 22332077.73855581, 392296.99073136994]","[24109350.174685314, 22565015.892351173, 22332077.73855581, 392296.99073136994]","[23776131.259603523, 22565015.892351173, 22332077.73855581, 392296.99073136994]","[24032205.014525887, 22565015.892351173, 22332077.73855581, 392296.99073136994]","[23842578.082475282, 22565015.892351173, 22332077.73855581, 392296.99073136994]","[23991843.056932684, 22565015.892351173, 22332077.73855581, 392296.99073136994]","[23961612.714860495, 22565015.892351173, 22332077.73855581, 392296.99073136994]","[23833277.59578317, 22565015.892351173, 22332077.73855581, 392296.99073136994]","[23824824.766870227, 22565015.892351173, 22332077.73855581, 392296.99073136994]","[24068821.558926582, 22565015.892351173, 22332077.73855581, 392296.99073136994]","[23695532.737530373, 22565015.892351173, 22332077.73855581, 392296.99073136994]","[23835287.224488642, 22565015.892351173, 22332077.73855581, 392296.99073136994]","[23934937.986857995, 22565015.892351173, 22332077.73855581, 392296.99073136994]","[23830959.213825148, 22565015.892351173, 22332077.73855581, 392296.99073136994]","[23624418.52163737, 22565015.892351173, 22332077.73855581, 392296.99073136994]","[23755226.581080202, 22565015.892351173, 22332077.73855581, 392296.99073136994]","[23990288.232387632, 22565015.892351173, 22332077.73855581, 392296.99073136994]","[23759076.560510173, 22565015.892351173, 22332077.73855581, 392296.99073136994]","[24023576.75309087, 22565015.892351173, 22332077.73855581, 392296.99073136994]","[24211286.782191884, 22565015.892351173, 22332077.73855581, 392296.99073136994]","[23826753.196362805, 22565015.892351173, 22332077.73855581, 392296.99073136994]","[24223110.7145903, 22565015.892351173, 22332077.73855581, 392296.99073136994]","[23897877.69395356, 22565015.892351173, 22332077.73855581, 392296.99073136994]"
"[24707480.6295491, 23538997.09234556, 23305092.635966387, 401210.1254592031]","[25083846.318432696, 23538997.09234556, 23305092.635966387, 401210.1254592031]","[24744097.779511306, 23538997.09234556, 23305092.635966387, 401210.1254592031]","[24431706.599748995, 23538997.09234556, 23305092.635966387, 401210.1254592031]","[25328535.14311191, 23538997.09234556, 23305092.635966387, 401210.1254592031]","[24629180.17212752, 23538997.09234556, 23305092.635966387, 401210.1254592031]","[24447354.72476479, 23538997.09234556, 23305092.635966387, 401210.1254592031]","[24416587.41345437, 23538997.09234556, 23305092.635966387, 401210.1254592031]","[24561970.6629217, 23538997.09234556, 23305092.635966387, 401210.1254592031]","[24714315.136924382, 23538997.09234556, 23305092.635966387, 401210.1254592031]","[24765713.09613181, 23538997.09234556, 23305092.635966387, 401210.1254592031]","[24618889.183432907, 23538997.09234556, 23305092.635966387, 401210.1254592031]","[24477283.047925733, 23538997.09234556, 23305092.635966387, 401210.1254592031]","[25133577.76523177, 23538997.09234556, 23305092.635966387, 401210.1254592031]","[25071836.87961528, 23538997.09234556, 23305092.635966387, 401210.1254592031]","[24606850.001988497, 23538997.09234556, 23305092.635966387, 401210.1254592031]","[24758493.51870111, 23538997.09234556, 23305092.635966387, 401210.1254592031]","[25028358.428437732, 23538997.09234556, 23305092.635966387, 401210.1254592031]","[24533035.77813341, 23538997.09234556, 23305092.635966387, 401210.1254592031]","[24879933.258214705, 23538997.09234556, 23305092.635966387, 401210.1254592031]","[24607364.886582863, 23538997.09234556, 23305092.635966387, 401210.1254592031]","[24555218.958079208, 23538997.09234556, 23305092.635966387, 401210.1254592031]","[24642392.780226745, 23538997.09234556, 23305092.635966387, 401210.1254592031]","[24745760.7733422, 23538997.09234556, 23305092.635966387, 401210.1254592031]","[24775075.39933851, 23538997.09234556, 23305092.635966387, 401210.1254592031]","[24445950.740434773, 23538997.09234556, 23305092.635966387, 401210.1254592031]","[24792995.194441658, 23538997.09234556, 23305092.635966387, 401210.1254592031]","[25368855.282094482, 23538997.09234556, 23305092.635966387, 401210.1254592031]","[25131429.636858165, 23538997.09234556, 23305092.635966387, 401210.1254592031]","[24629648.20224374, 23538997.09234556, 23305092.635966387, 401210.1254592031]","[24570587.42663807, 23538997.09234556, 23305092.635966387, 401210.1254592031]","[24545718.16009471, 23538997.09234556, 23305092.635966387, 401210.1254592031]","[24767293.64172552, 23538997.09234556, 23305092.635966387, 401210.1254592031]","[24661478.23844432, 23538997.09234556, 23305092.635966387, 401210.1254592031]","[24709296.721092816, 23538997.09234556, 23305092.635966387, 401210.1254592031]","[24649005.913734723, 23538997.09234556, 23305092.635966387, 401210.1254592031]","[24678362.480378438, 23538997.09234556, 23305092.635966387, 401210.1254592031]","[24529599.345335685, 23538997.09234556, 23305092.635966387, 401210.1254592031]","[24841214.5748847, 23538997.09234556, 23305092.635966387, 401210.1254592031]","[24880186.99705393, 23538997.09234556, 23305092.635966387, 401210.1254592031]","[24501475.90733991, 23538997.09234556, 23305092.635966387, 401210.1254592031]","[24678663.492390484, 23538997.09234556, 23305092.635966387, 401210.1254592031]","[24896751.073457573, 23538997.09234556, 23305092.635966387, 401210.1254592031]","[24758922.397979096, 23538997.09234556, 23305092.635966387, 401210.1254592031]","[24770911.905522693, 23538997.09234556, 23305092.635966387, 401210.1254592031]","[24649455.44298541, 23538997.09234556, 23305092.635966387, 401210.1254592031]","[24942976.01823296, 23538997.09234556, 23305092.635966387, 401210.1254592031]","[25115355.560945325, 23538997.09234556, 23305092.635966387, 401210.1254592031]","[24732874.518143892, 23538997.09234556, 23305092.635966387, 401210.1254592031]","[24451029.004874695, 23538997.09234556, 23305092.635966387, 401210.1254592031]"
"[24177253.639898334, 22818102.65887678, 22588114.459225483, 390540.92365956516]","[24063919.743217487, 22818102.65887678, 22588114.459225483, 390540.92365956516]","[24111310.60302948, 22818102.65887678, 22588114.459225483, 390540.92365956516]","[24092075.3377389, 22818102.65887678, 22588114.459225483, 390540.92365956516]","[24379110.311413947, 22818102.65887678, 22588114.459225483, 390540.92365956516]","[24037529.070902992, 22818102.65887678, 22588114.459225483, 390540.92365956516]","[23946357.044923525, 22818102.65887678, 22588114.459225483, 390540.92365956516]","[23900666.03129583, 22818102.65887678, 22588114.459225483, 390540.92365956516]","[23935390.25448618, 22818102.65887678, 22588114.459225483, 390540.92365956516]","[23688136.55749913, 22818102.65887678, 22588114.459225483, 390540.92365956516]","[23959508.25340883, 22818102.65887678, 22588114.459225483, 390540.92365956516]","[24091613.998484187, 22818102.65887678, 22588114.459225483, 390540.92365956516]","[24267883.638906468, 22818102.65887678, 22588114.459225483, 390540.92365956516]","[24112019.403525382, 22818102.65887678, 22588114.459225483, 390540.92365956516]","[24116317.05913126, 22818102.65887678, 22588114.459225483, 390540.92365956516]","[24425327.386781752, 22818102.65887678, 22588114.459225483, 390540.92365956516]","[24151372.640227437, 22818102.65887678, 22588114.459225483, 390540.92365956516]","[23870635.75609475, 22818102.65887678, 22588114.459225483, 390540.92365956516]","[24304995.777675536, 22818102.65887678, 22588114.459225483, 390540.92365956516]","[23899586.508462347, 22818102.65887678, 22588114.459225483, 390540.92365956516]","[24300757.3110406, 22818102.65887678, 22588114.459225483, 390540.92365956516]","[24173097.409370508, 22818102.65887678, 22588114.459225483, 390540.92365956516]","[23903708.10402308, 22818102.65887678, 22588114.459225483, 390540.92365956516]","[23993301.22060449, 22818102.65887678, 22588114.459225483, 390540.92365956516]","[24278363.47781452, 22818102.65887678, 22588114.459225483, 390540.92365956516]","[23972309.558205817, 22818102.65887678, 22588114.459225483, 390540.92365956516]","[23950296.92015131, 22818102.65887678, 22588114.459225483, 390540.92365956516]","[24059567.62326534, 22818102.65887678, 22588114.459225483, 390540.92365956516]","[23920363.661360104, 22818102.65887678, 22588114.459225483, 390540.92365956516]","[24093311.378274225, 22818102.65887678, 22588114.459225483, 390540.92365956516]","[23899532.914085995, 22818102.65887678, 22588114.459225483, 390540.92365956516]","[23934496.423456967, 22818102.65887678, 22588114.459225483, 390540.92365956516]","[23943434.541211914, 22818102.65887678, 22588114.459225483, 390540.92365956516]","[24240506.420612622, 22818102.65887678, 22588114.459225483, 390540.92365956516]","[23858696.393176287, 22818102.65887678, 22588114.459225483, 390540.92365956516]","[24193462.98808244, 22818102.65887678, 22588114.459225483, 390540.92365956516]","[24088228.828609634, 22818102.65887678, 22588114.459225483, 390540.92365956516]","[24113090.816000436, 22818102.65887678, 22588114.459225483, 390540.92365956516]","[23981481.079198368, 22818102.65887678, 22588114.459225483, 390540.92365956516]","[24150153.54086117, 22818102.65887678, 22588114.459225483, 390540.92365956516]","[23811367.48791212, 22818102.65887678, 22588114.459225483, 390540.92365956516]","[23925895.711141698, 22818102.65887678, 22588114.459225483, 390540.92365956516]","[24036957.79193827, 22818102.65887678, 22588114.459225483, 390540.92365956516]","[23788559.39660227, 22818102.65887678, 22588114.459225483, 390540.92365956516]","[23923873.263092246, 22818102.65887678, 22588114.459225483, 390540.92365956516]","[24006975.575803217, 22818102.65887678, 22588114.459225483, 390540.92365956516]","[23940240.040730793, 22818102.65887678, 22588114.459225483, 390540.92365956516]","[24148935.05357874, 22818102.65887678, 22588114.459225483, 390540.92365956516]","[24068799.974475104, 22818102.65887678, 22588114.459225483, 390540.92365956516]","[24156127.96004316, 22818102.65887678, 22588114.459225483, 390540.92365956516]"
"[23781382.713605512, 22871926.59563208, 22662270.46348035, 362744.3856054462]","[23652030.55250884, 22871926.59563208, 22662270.46348035, 362744.3856054462]","[23930697.674828667, 22871926.59563208, 22662270.46348035, 362744.3856054462]","[23668523.10743077, 22871926.59563208, 22662270.46348035, 362744.3856054462]","[23711415.633088443, 22871926.59563208, 22662270.46348035, 362744.3856054462]","[23906531.361400586, 22871926.59563208, 22662270.46348035, 362744.3856054462]","[23862212.282943904, 22871926.59563208, 22662270.46348035, 362744.3856054462]","[23651686.22714304, 22871926.59563208, 22662270.46348035, 362744.3856054462]","[23615367.547073588, 22871926.59563208, 22662270.46348035, 362744.3856054462]","[23981593.166137725, 22871926.59563208, 22662270.46348035, 362744.3856054462]","[23518175.680094246, 22871926.59563208, 22662270.46348035, 362744.3856054462]","[23544840.5781873, 22871926.59563208, 22662270.46348035, 362744.3856054462]","[23640587.359406006, 22871926.59563208, 22662270.46348035, 362744.3856054462]","[23526045.74235647, 22871926.59563208, 22662270.46348035, 362744.3856054462]","[23784962.40766559, 22871926.59563208, 22662270.46348035, 362744.3856054462]","[23834361.202640656, 22871926.59563208, 22662270.46348035, 362744.3856054462]","[23727815.37164499, 22871926.59563208, 22662270.46348035, 362744.3856054462]","[23558275.10906217, 22871926.59563208, 22662270.46348035, 362744.3856054462]","[23673916.274446964, 22871926.59563208, 22662270.46348035, 362744.3856054462]","[23691872.765499562, 22871926.59563208, 22662270.46348035, 362744.3856054462]","[24103115.502000194, 22871926.59563208, 22662270.46348035, 362744.3856054462]","[23747513.026283387, 22871926.59563208, 22662270.46348035, 362744.3856054462]","[23773193.003751494, 22871926.59563208, 22662270.46348035, 362744.3856054462]","[23670353.96182865, 22871926.59563208, 22662270.46348035, 362744.3856054462]","[23676967.00653754, 22871926.59563208, 22662270.46348035, 362744.3856054462]","[23919294.35825277, 22871926.59563208, 22662270.46348035, 362744.3856054462]","[23807864.238378465, 22871926.59563208, 22662270.46348035, 362744.3856054462]","[23727912.296628643, 22871926.59563208, 22662270.46348035, 362744.3856054462]","[23757754.295699064, 22871926.59563208, 22662270.46348035, 362744.3856054462]","[23751203.07976177, 22871926.59563208, 22662270.46348035, 362744.3856054462]","[23755713.084302083, 22871926.59563208, 22662270.46348035, 362744.3856054462]","[23557644.713813826, 22871926.59563208, 22662270.46348035, 362744.3856054462]","[23598484.293618765, 22871926.59563208, 22662270.46348035, 362744.3856054462]","[23832057.802419256, 22871926.59563208, 22662270.46348035, 362744.3856054462]","[23704218.29175936, 22871926.59563208, 22662270.46348035, 362744.3856054462]","[23622756.09154146, 22871926.59563208, 22662270.46348035, 362744.3856054462]","[23594285.091337427, 22871926.59563208, 22662270.46348035, 362744.3856054462]","[23639541.87291058, 22871926.59563208, 22662270.46348035, 362744.3856054462]","[23844283.53534064, 22871926.59563208, 22662270.46348035, 362744.3856054462]","[23536606.49712933, 22871926.59563208, 22662270.46348035, 362744.3856054462]","[23937860.946434062, 22871926.59563208, 22662270.46348035, 362744.3856054462]","[23771090.190419756, 22871926.59563208, 22662270.46348035, 362744.3856054462]","[23622312.28047083, 22871926.59563208, 22662270.46348035, 362744.3856054462]","[23725143.309025507, 22871926.59563208, 22662270.46348035, 362744.3856054462]","[23820444.34338072, 22871926.59563208, 22662270.46348035, 362744.3856054462]","[23660776.99202443, 22871926.59563208, 22662270.46348035, 362744.3856054462]","[23655673.66764489, 22871926.59563208, 22662270.46348035, 362744.3856054462]","[23678663.06668017, 22871926.59563208, 22662270.46348035, 362744.3856054462]","[23611749.957853746, 22871926.59563208, 22662270.46348035, 362744.3856054462]","[23593115.37908352, 22871926.59563208, 22662270.46348035, 362744.3856054462]"
"[24900372.458858628, 23616245.79137181, 23385609.992031295, 390123.20302273455]","[25339674.558375455, 23616245.79137181, 23385609.992031295, 390123.20302273455]","[24667512.95465867, 23616245.79137181, 23385609.992031295, 390123.20302273455]","[24412428.209927555, 23616245.79137181, 23385609.992031295, 390123.20302273455]","[24604776.086096413, 23616245.79137181, 23385609.992031295, 390123.20302273455]","[24764742.020824227, 23616245.79137181, 23385609.992031295, 390123.20302273455]","[24547089.372343097, 23616245.79137181, 23385609.992031295, 390123.20302273455]","[24379136.410557516, 23616245.79137181, 23385609.992031295, 390123.20302273455]","[24490570.352655765, 23616245.79137181, 23385609.992031295, 390123.20302273455]","[24385239.297172252, 23616245.79137181, 23385609.992031295, 390123.20302273455]","[25005099.61194259, 23616245.79137181, 23385609.992031295, 390123.20302273455]","[24722990.136427622, 23616245.79137181, 23385609.992031295, 390123.20302273455]","[24665195.552468613, 23616245.79137181, 23385609.992031295, 390123.20302273455]","[24625763.31829765, 23616245.79137181, 23385609.992031295, 390123.20302273455]","[24616230.831953306, 23616245.79137181, 23385609.992031295, 390123.20302273455]","[24505592.697424214, 23616245.79137181, 23385609.992031295, 390123.20302273455]","[24817835.288660575, 23616245.79137181, 23385609.992031295, 390123.20302273455]","[24499787.758021083, 23616245.79137181, 23385609.992031295, 390123.20302273455]","[24665716.227864537, 23616245.79137181, 23385609.992031295, 390123.20302273455]","[24668050.807290234, 23616245.79137181, 23385609.992031295, 390123.20302273455]","[24644815.59690356, 23616245.79137181, 23385609.992031295, 390123.20302273455]","[24617328.830896094, 23616245.79137181, 23385609.992031295, 390123.20302273455]","[24631400.11283781, 23616245.79137181, 23385609.992031295, 390123.20302273455]","[24665437.866601005, 23616245.79137181, 23385609.992031295, 390123.20302273455]","[24575226.91486679, 23616245.79137181, 23385609.992031295, 390123.20302273455]","[24676788.32365381, 23616245.79137181, 23385609.992031295, 390123.20302273455]","[24742202.64356858, 23616245.79137181, 23385609.992031295, 390123.20302273455]","[24675290.3236353, 23616245.79137181, 23385609.992031295, 390123.20302273455]","[24559041.93711913, 23616245.79137181, 23385609.992031295, 390123.20302273455]","[24428993.35759042, 23616245.79137181, 23385609.992031295, 390123.20302273455]","[24539004.98348215, 23616245.79137181, 23385609.992031295, 390123.20302273455]","[24501463.27120362, 23616245.79137181, 23385609.992031295, 390123.20302273455]","[24470447.257605206, 23616245.79137181, 23385609.992031295, 390123.20302273455]","[24562767.84076568, 23616245.79137181, 23385609.992031295, 390123.20302273455]","[24579958.11064703, 23616245.79137181, 23385609.992031295, 390123.20302273455]","[24567762.715347867, 23616245.79137181, 23385609.992031295, 390123.20302273455]","[24585598.335666925, 23616245.79137181, 23385609.992031295, 390123.20302273455]","[24626084.561336845, 23616245.79137181, 23385609.992031295, 390123.20302273455]","[24523617.118551698, 23616245.79137181, 23385609.992031295, 390123.20302273455]","[24565607.34651786, 23616245.79137181, 23385609.992031295, 390123.20302273455]","[24640978.348428458, 23616245.79137181, 23385609.992031295, 390123.20302273455]","[24625497.69232749, 23616245.79137181, 23385609.992031295, 390123.20302273455]","[24680998.684586942, 23616245.79137181, 23385609.992031295, 390123.20302273455]","[24720735.74067466, 23616245.79137181, 23385609.992031295, 390123.20302273455]","[24713180.62124932, 23616245.79137181, 23385609.992031295, 390123.20302273455]","[24438171.909688145, 23616245.79137181, 23385609.992031295, 390123.20302273455]","[24454717.531609952, 23616245.79137181, 23385609.992031295, 390123.20302273455]","[24568056.924202505, 23616245.79137181, 23385609.992031295, 390123.20302273455]","[24931495.29781683, 23616245.79137181, 23385609.992031295, 390123.20302273455]","[24623477.197021905, 23616245.79137181, 23385609.992031295, 390123.20302273455]"
"[24753710.620160654, 23820043.21118949, 23596121.474335965, 391812.825790669]","[24993372.807734106, 23820043.21118949, 23596121.474335965, 391812.825790669]","[24747913.301162507, 23820043.21118949, 23596121.474335965, 391812.825790669]","[24749425.505332448, 23820043.21118949, 23596121.474335965, 391812.825790669]","[24787934.2757914, 23820043.21118949, 23596121.474335965, 391812.825790669]","[24731302.14236733, 23820043.21118949, 23596121.474335965, 391812.825790669]","[24623578.295855902, 23820043.21118949, 23596121.474335965, 391812.825790669]","[24843817.654266793, 23820043.21118949, 23596121.474335965, 391812.825790669]","[24760834.454165954, 23820043.21118949, 23596121.474335965, 391812.825790669]","[24759618.905858263, 23820043.21118949, 23596121.474335965, 391812.825790669]","[24854780.76750539, 23820043.21118949, 23596121.474335965, 391812.825790669]","[25019472.158597026, 23820043.21118949, 23596121.474335965, 391812.825790669]","[24882220.540866323, 23820043.21118949, 23596121.474335965, 391812.825790669]","[24925342.784315716, 23820043.21118949, 23596121.474335965, 391812.825790669]","[24678277.42015513, 23820043.21118949, 23596121.474335965, 391812.825790669]","[24677301.129515562, 23820043.21118949, 23596121.474335965, 391812.825790669]","[24707279.631423935, 23820043.21118949, 23596121.474335965, 391812.825790669]","[24661805.35030415, 23820043.21118949, 23596121.474335965, 391812.825790669]","[25081333.84681772, 23820043.21118949, 23596121.474335965, 391812.825790669]","[24680573.218890123, 23820043.21118949, 23596121.474335965, 391812.825790669]","[24627584.913758606, 23820043.21118949, 23596121.474335965, 391812.825790669]","[24749086.994750936, 23820043.21118949, 23596121.474335965, 391812.825790669]","[24939585.965353988, 23820043.21118949, 23596121.474335965, 391812.825790669]","[24888446.31399689, 23820043.21118949, 23596121.474335965, 391812.825790669]","[25094413.044024907, 23820043.21118949, 23596121.474335965, 391812.825790669]","[24925557.857728045, 23820043.21118949, 23596121.474335965, 391812.825790669]","[24602718.109634202, 23820043.21118949, 23596121.474335965, 391812.825790669]","[24634585.022194557, 23820043.21118949, 23596121.474335965, 391812.825790669]","[25059553.888452757, 23820043.21118949, 23596121.474335965, 391812.825790669]","[24819896.591872472, 23820043.21118949, 23596121.474335965, 391812.825790669]","[24907468.05676679, 23820043.21118949, 23596121.474335965, 391812.825790669]","[24714246.978032455, 23820043.21118949, 23596121.474335965, 391812.825790669]","[24976444.248728607, 23820043.21118949, 23596121.474335965, 391812.825790669]","[24937525.556779753, 23820043.21118949, 23596121.474335965, 391812.825790669]","[24783369.466373105, 23820043.21118949, 23596121.474335965, 391812.825790669]","[24748986.67451765, 23820043.21118949, 23596121.474335965, 391812.825790669]","[24853455.504056506, 23820043.21118949, 23596121.474335965, 391812.825790669]","[24640612.92248398, 23820043.21118949, 23596121.474335965, 391812.825790669]","[24681877.675812397, 23820043.21118949, 23596121.474335965, 391812.825790669]","[24714142.09249598, 23820043.21118949, 23596121.474335965, 391812.825790669]","[25047588.651705608, 23820043.21118949, 23596121.474335965, 391812.825790669]","[24681295.076943126, 23820043.21118949, 23596121.474335965, 391812.825790669]","[24675122.934521824, 23820043.21118949, 23596121.474335965, 391812.825790669]","[24613762.545921896, 23820043.21118949, 23596121.474335965, 391812.825790669]","[24918857.44785621, 23820043.21118949, 23596121.474335965, 391812.825790669]","[24824453.62926911, 23820043.21118949, 23596121.474335965, 391812.825790669]","[24945557.83960242, 23820043.21118949, 23596121.474335965, 391812.825790669]","[24839382.80481506, 23820043.21118949, 23596121.474335965, 391812.825790669]","[24710552.455848403, 23820043.21118949, 23596121.474335965, 391812.825790669]","[24832571.93658062, 23820043.21118949, 23596121.474335965, 391812.825790669]"
"[24929179.67528674, 23911061.962533142, 23680613.37065956, 383941.8405804786]","[25022696.059990205, 23911061.962533142, 23680613.37065956, 383941.8405804786]","[25902125.823149484, 23911061.962533142, 23680613.37065956, 383941.8405804786]","[25251419.654993046, 23911061.962533142, 23680613.37065956, 383941.8405804786]","[25422096.92901374, 23911061.962533142, 23680613.37065956, 383941.8405804786]","[25003796.523667358, 23911061.962533142, 23680613.37065956, 383941.8405804786]","[25163568.194315318, 23911061.962533142, 23680613.37065956, 383941.8405804786]","[25085161.714080337, 23911061.962533142, 23680613.37065956, 383941.8405804786]","[25418077.886171423, 23911061.962533142, 23680613.37065956, 383941.8405804786]","[25189764.51590682, 23911061.962533142, 23680613.37065956, 383941.8405804786]","[25076845.755917907, 23911061.962533142, 23680613.37065956, 383941.8405804786]","[25027341.421423275, 23911061.962533142, 23680613.37065956, 383941.8405804786]","[25037679.84549421, 23911061.962533142, 23680613.37065956, 383941.8405804786]","[25174144.01450416, 23911061.962533142, 23680613.37065956, 383941.8405804786]","[25351150.05971334, 23911061.962533142, 23680613.37065956, 383941.8405804786]","[25151887.291804556, 23911061.962533142, 23680613.37065956, 383941.8405804786]","[25126813.98900784, 23911061.962533142, 23680613.37065956, 383941.8405804786]","[25136061.31031734, 23911061.962533142, 23680613.37065956, 383941.8405804786]","[25132125.581254516, 23911061.962533142, 23680613.37065956, 383941.8405804786]","[25265117.36072348, 23911061.962533142, 23680613.37065956, 383941.8405804786]","[24982045.354220923, 23911061.962533142, 23680613.37065956, 383941.8405804786]","[25332212.660895538, 23911061.962533142, 23680613.37065956, 383941.8405804786]","[25106760.31063734, 23911061.962533142, 23680613.37065956, 383941.8405804786]","[25395093.627479803, 23911061.962533142, 23680613.37065956, 383941.8405804786]","[25806560.2680977, 23911061.962533142, 23680613.37065956, 383941.8405804786]","[25220501.95920515, 23911061.962533142, 23680613.37065956, 383941.8405804786]","[25350726.841099616, 23911061.962533142, 23680613.37065956, 383941.8405804786]","[25103277.465246435, 23911061.962533142, 23680613.37065956, 383941.8405804786]","[25078445.138495147, 23911061.962533142, 23680613.37065956, 383941.8405804786]","[24906337.03875913, 23911061.962533142, 23680613.37065956, 383941.8405804786]","[24883613.245652106, 23911061.962533142, 23680613.37065956, 383941.8405804786]","[25039990.74387825, 23911061.962533142, 23680613.37065956, 383941.8405804786]","[25030381.3195226, 23911061.962533142, 23680613.37065956, 383941.8405804786]","[25177072.36457531, 23911061.962533142, 23680613.37065956, 383941.8405804786]","[25368275.51267444, 23911061.962533142, 23680613.37065956, 383941.8405804786]","[25347555.072986916, 23911061.962533142, 23680613.37065956, 383941.8405804786]","[25367687.51389085, 23911061.962533142, 23680613.37065956, 383941.8405804786]","[25239957.38486405, 23911061.962533142, 23680613.37065956, 383941.8405804786]","[25348982.26554972, 23911061.962533142, 23680613.37065956, 383941.8405804786]","[25010599.799512114, 23911061.962533142, 23680613.37065956, 383941.8405804786]","[25151026.860866062, 23911061.962533142, 23680613.37065956, 383941.8405804786]","[25435965.051596686, 23911061.962533142, 23680613.37065956, 383941.8405804786]","[25319473.0793089, 23911061.962533142, 23680613.37065956, 383941.8405804786]","[25298260.15954414, 23911061.962533142, 23680613.37065956, 383941.8405804786]","[24940893.519236755, 23911061.962533142, 23680613.37065956, 383941.8405804786]","[25114336.945500337, 23911061.962533142, 23680613.37065956, 383941.8405804786]","[25272469.09302253, 23911061.962533142, 23680613.37065956, 383941.8405804786]","[25138077.336719353, 23911061.962533142, 23680613.37065956, 383941.8405804786]","[25125273.450214803, 23911061.962533142, 23680613.37065956, 383941.8405804786]","[25367878.28724002, 23911061.962533142, 23680613.37065956, 383941.8405804786]"
"[24864771.35638573, 23774098.603597946, 23545830.212386545, 385576.35809690115]","[24822349.262268115, 23774098.603597946, 23545830.212386545, 385576.35809690115]","[24838536.79444519, 23774098.603597946, 23545830.212386545, 385576.35809690115]","[24752442.38035573, 23774098.603597946, 23545830.212386545, 385576.35809690115]","[24778714.3264531, 23774098.603597946, 23545830.212386545, 385576.35809690115]","[24810836.182719395, 23774098.603597946, 23545830.212386545, 385576.35809690115]","[24774473.61314438, 23774098.603597946, 23545830.212386545, 385576.35809690115]","[25039766.667867742, 23774098.603597946, 23545830.212386545, 385576.35809690115]","[24892903.39706223, 23774098.603597946, 23545830.212386545, 385576.35809690115]","[24814262.54743928, 23774098.603597946, 23545830.212386545, 385576.35809690115]","[24711701.1411483, 23774098.603597946, 23545830.212386545, 385576.35809690115]","[24793644.042238858, 23774098.603597946, 23545830.212386545, 385576.35809690115]","[25263988.700664137, 23774098.603597946, 23545830.212386545, 385576.35809690115]","[24928961.763136744, 23774098.603597946, 23545830.212386545, 385576.35809690115]","[24853220.62942995, 23774098.603597946, 23545830.212386545, 385576.35809690115]","[24951684.049451593, 23774098.603597946, 23545830.212386545, 385576.35809690115]","[24821563.82340475, 23774098.603597946, 23545830.212386545, 385576.35809690115]","[24635649.965571605, 23774098.603597946, 23545830.212386545, 385576.35809690115]","[24908582.334317133, 23774098.603597946, 23545830.212386545, 385576.35809690115]","[25104645.208753772, 23774098.603597946, 23545830.212386545, 385576.35809690115]","[24831621.45462925, 23774098.603597946, 23545830.212386545, 385576.35809690115]","[24952126.325155918, 23774098.603597946, 23545830.212386545, 385576.35809690115]","[24812941.898676418, 23774098.603597946, 23545830.212386545, 385576.35809690115]","[24774220.381940104, 23774098.603597946, 23545830.212386545, 385576.35809690115]","[24963381.196413, 23774098.603597946, 23545830.212386545, 385576.35809690115]","[25052924.605793975, 23774098.603597946, 23545830.212386545, 385576.35809690115]","[24772224.829180725, 23774098.603597946, 23545830.212386545, 385576.35809690115]","[24821129.144611727, 23774098.603597946, 23545830.212386545, 385576.35809690115]","[24753486.63506498, 23774098.603597946, 23545830.212386545, 385576.35809690115]","[24906798.143804614, 23774098.603597946, 23545830.212386545, 385576.35809690115]","[24704537.880608965, 23774098.603597946, 23545830.212386545, 385576.35809690115]","[25063364.11463567, 23774098.603597946, 23545830.212386545, 385576.35809690115]","[24943906.017754387, 23774098.603597946, 23545830.212386545, 385576.35809690115]","[24779411.30351416, 23774098.603597946, 23545830.212386545, 385576.35809690115]","[24835603.08773396, 23774098.603597946, 23545830.212386545, 385576.35809690115]","[24959561.835080285, 23774098.603597946, 23545830.212386545, 385576.35809690115]","[24962374.412235297, 23774098.603597946, 23545830.212386545, 385576.35809690115]","[24704700.201440837, 23774098.603597946, 23545830.212386545, 385576.35809690115]","[24925490.94510141, 23774098.603597946, 23545830.212386545, 385576.35809690115]","[24957992.774807904, 23774098.603597946, 23545830.212386545, 385576.35809690115]","[24777488.128313452, 23774098.603597946, 23545830.212386545, 385576.35809690115]","[24784019.40129864, 23774098.603597946, 23545830.212386545, 385576.35809690115]","[24842866.992851254, 23774098.603597946, 23545830.212386545, 385576.35809690115]","[24992574.233559158, 23774098.603597946, 23545830.212386545, 385576.35809690115]","[24650154.33089074, 23774098.603597946, 23545830.212386545, 385576.35809690115]","[24857336.284143314, 23774098.603597946, 23545830.212386545, 385576.35809690115]","[25051922.852674704, 23774098.603597946, 23545830.212386545, 385576.35809690115]","[25079031.970154986, 23774098.603597946, 23545830.212386545, 385576.35809690115]","[24871239.040573224, 23774098.603597946, 23545830.212386545, 385576.35809690115]","[24912647.82822999, 23774098.603597946, 23545830.212386545, 385576.35809690115]"
"[24659532.566902783, 23421280.794485833, 23185368.06306972, 395079.39807655814]","[24967673.13461628, 23421280.794485833, 23185368.06306972, 395079.39807655814]","[24548139.269603513, 23421280.794485833, 23185368.06306972, 395079.39807655814]","[24388034.85129165, 23421280.794485833, 23185368.06306972, 395079.39807655814]","[24681087.74047157, 23421280.794485833, 23185368.06306972, 395079.39807655814]","[24512829.07164938, 23421280.794485833, 23185368.06306972, 395079.39807655814]","[25196707.87974014, 23421280.794485833, 23185368.06306972, 395079.39807655814]","[24627414.175165504, 23421280.794485833, 23185368.06306972, 395079.39807655814]","[24720101.96585203, 23421280.794485833, 23185368.06306972, 395079.39807655814]","[24231190.441733107, 23421280.794485833, 23185368.06306972, 395079.39807655814]","[24441080.351782624, 23421280.794485833, 23185368.06306972, 395079.39807655814]","[24496565.05014023, 23421280.794485833, 23185368.06306972, 395079.39807655814]","[24591481.354752388, 23421280.794485833, 23185368.06306972, 395079.39807655814]","[24840593.733071554, 23421280.794485833, 23185368.06306972, 395079.39807655814]","[24565116.5438908, 23421280.794485833, 23185368.06306972, 395079.39807655814]","[24460784.71749293, 23421280.794485833, 23185368.06306972, 395079.39807655814]","[24641231.0475856, 23421280.794485833, 23185368.06306972, 395079.39807655814]","[24562300.659806747, 23421280.794485833, 23185368.06306972, 395079.39807655814]","[24468786.73537292, 23421280.794485833, 23185368.06306972, 395079.39807655814]","[24444407.839173235, 23421280.794485833, 23185368.06306972, 395079.39807655814]","[24590580.798920173, 23421280.794485833, 23185368.06306972, 395079.39807655814]","[24650248.238556452, 23421280.794485833, 23185368.06306972, 395079.39807655814]","[24609806.124417488, 23421280.794485833, 23185368.06306972, 395079.39807655814]","[24497358.45720466, 23421280.794485833, 23185368.06306972, 395079.39807655814]","[24582344.596208144, 23421280.794485833, 23185368.06306972, 395079.39807655814]","[24480565.447608933, 23421280.794485833, 23185368.06306972, 395079.39807655814]","[24610078.38738877, 23421280.794485833, 23185368.06306972, 395079.39807655814]","[24611448.374735113, 23421280.794485833, 23185368.06306972, 395079.39807655814]","[24557617.591773704, 23421280.794485833, 23185368.06306972, 395079.39807655814]","[24373352.51845743, 23421280.794485833, 23185368.06306972, 395079.39807655814]","[24538454.31222956, 23421280.794485833, 23185368.06306972, 395079.39807655814]","[24740271.639210876, 23421280.794485833, 23185368.06306972, 395079.39807655814]","[24362466.524887092, 23421280.794485833, 23185368.06306972, 395079.39807655814]","[24601837.931818105, 23421280.794485833, 23185368.06306972, 395079.39807655814]","[24685265.676177587, 23421280.794485833, 23185368.06306972, 395079.39807655814]","[24870148.161820818, 23421280.794485833, 23185368.06306972, 395079.39807655814]","[24424238.467706393, 23421280.794485833, 23185368.06306972, 395079.39807655814]","[24558065.629074406, 23421280.794485833, 23185368.06306972, 395079.39807655814]","[24660398.30053954, 23421280.794485833, 23185368.06306972, 395079.39807655814]","[24603537.055830598, 23421280.794485833, 23185368.06306972, 395079.39807655814]","[24711973.644468624, 23421280.794485833, 23185368.06306972, 395079.39807655814]","[24702561.20970064, 23421280.794485833, 23185368.06306972, 395079.39807655814]","[24446840.48863666, 23421280.794485833, 23185368.06306972, 395079.39807655814]","[24751543.913917832, 23421280.794485833, 23185368.06306972, 395079.39807655814]","[24600808.305079553, 23421280.794485833, 23185368.06306972, 395079.39807655814]","[24661599.568870977, 23421280.794485833, 23185368.06306972, 395079.39807655814]","[24509582.161622666, 23421280.794485833, 23185368.06306972, 395079.39807655814]","[24362276.737608165, 23421280.794485833, 23185368.06306972, 395079.39807655814]","[24791902.441404708, 23421280.794485833, 23185368.06306972, 395079.39807655814]","[24612229.639513142, 23421280.794485833, 23185368.06306972, 395079.39807655814]"
"[24000997.85534664, 22760424.521086317, 22531056.654710032, 393790.52816294617]","[24001083.865327828, 22760424.521086317, 22531056.654710032, 393790.52816294617]","[23883635.66353739, 22760424.521086317, 22531056.654710032, 393790.52816294617]","[24036898.988119543, 22760424.521086317, 22531056.654710032, 393790.52816294617]","[23754266.22438854, 22760424.521086317, 22531056.654710032, 393790.52816294617]","[24129296.104965556, 22760424.521086317, 22531056.654710032, 393790.52816294617]","[23807979.420280486, 22760424.521086317, 22531056.654710032, 393790.52816294617]","[23757093.72397235, 22760424.521086317, 22531056.654710032, 393790.52816294617]","[23658284.800653122, 22760424.521086317, 22531056.654710032, 393790.52816294617]","[23841453.06782909, 22760424.521086317, 22531056.654710032, 393790.52816294617]","[24197594.096765697, 22760424.521086317, 22531056.654710032, 393790.52816294617]","[23692974.94913143, 22760424.521086317, 22531056.654710032, 393790.52816294617]","[23643383.14821067, 22760424.521086317, 22531056.654710032, 393790.52816294617]","[23760350.99809149, 22760424.521086317, 22531056.654710032, 393790.52816294617]","[23846555.698771838, 22760424.521086317, 22531056.654710032, 393790.52816294617]","[23711770.3952169, 22760424.521086317, 22531056.654710032, 393790.52816294617]","[23890665.596821263, 22760424.521086317, 22531056.654710032, 393790.52816294617]","[23816660.318478595, 22760424.521086317, 22531056.654710032, 393790.52816294617]","[23778566.558903, 22760424.521086317, 22531056.654710032, 393790.52816294617]","[23785153.487512853, 22760424.521086317, 22531056.654710032, 393790.52816294617]","[23797567.642969795, 22760424.521086317, 22531056.654710032, 393790.52816294617]","[23908677.9127889, 22760424.521086317, 22531056.654710032, 393790.52816294617]","[23851695.1893936, 22760424.521086317, 22531056.654710032, 393790.52816294617]","[23876574.05867766, 22760424.521086317, 22531056.654710032, 393790.52816294617]","[23762174.06332362, 22760424.521086317, 22531056.654710032, 393790.52816294617]","[24076643.760495607, 22760424.521086317, 22531056.654710032, 393790.52816294617]","[23782627.814681496, 22760424.521086317, 22531056.654710032, 393790.52816294617]","[23877890.797587004, 22760424.521086317, 22531056.654710032, 393790.52816294617]","[23992117.757863656, 22760424.521086317, 22531056.654710032, 393790.52816294617]","[23791468.342388596, 22760424.521086317, 22531056.654710032, 393790.52816294617]","[23903023.511841204, 22760424.521086317, 22531056.654710032, 393790.52816294617]","[23648989.635968424, 22760424.521086317, 22531056.654710032, 393790.52816294617]","[24183232.70643073, 22760424.521086317, 22531056.654710032, 393790.52816294617]","[23638279.800699636, 22760424.521086317, 22531056.654710032, 393790.52816294617]","[23840495.834651854, 22760424.521086317, 22531056.654710032, 393790.52816294617]","[23681208.33927833, 22760424.521086317, 22531056.654710032, 393790.52816294617]","[23745762.89564397, 22760424.521086317, 22531056.654710032, 393790.52816294617]","[23884315.664272718, 22760424.521086317, 22531056.654710032, 393790.52816294617]","[23945130.506468307, 22760424.521086317, 22531056.654710032, 393790.52816294617]","[24009498.881026212, 22760424.521086317, 22531056.654710032, 393790.52816294617]","[23763902.685198806, 22760424.521086317, 22531056.654710032, 393790.52816294617]","[23976202.277861483, 22760424.521086317, 22531056.654710032, 393790.52816294617]","[23794003.458998136, 22760424.521086317, 22531056.654710032, 393790.52816294617]","[24214574.95777069, 22760424.521086317, 22531056.654710032, 393790.52816294617]","[23717331.731033012, 22760424.521086317, 22531056.654710032, 393790.52816294617]","[24237690.13666539, 22760424.521086317, 22531056.654710032, 393790.52816294617]","[23715640.419477493, 22760424.521086317, 22531056.654710032, 393790.52816294617]","[23995457.566139024, 22760424.521086317, 22531056.654710032, 393790.52816294617]","[23807932.800362855, 22760424.521086317, 22531056.654710032, 393790.52816294617]","[24217052.66521039, 22760424.521086317, 22531056.654710032, 393790.52816294617]"
"[23663062.775585223, 22510749.466182843, 22288023.095187858, 389896.41348680033]","[23570741.641743682, 22510749.466182843, 22288023.095187858, 389896.41348680033]","[23282120.391540222, 22510749.466182843, 22288023.095187858, 389896.41348680033]","[23715308.471233554, 22510749.466182843, 22288023.095187858, 389896.41348680033]","[23707627.753930103, 22510749.466182843, 22288023.095187858, 389896.41348680033]","[23751574.87628401, 22510749.466182843, 22288023.095187858, 389896.41348680033]","[23440641.18310335, 22510749.466182843, 22288023.095187858, 389896.41348680033]","[23379769.36985257, 22510749.466182843, 22288023.095187858, 389896.41348680033]","[23673215.37140364, 22510749.466182843, 22288023.095187858, 389896.41348680033]","[23483728.90616846, 22510749.466182843, 22288023.095187858, 389896.41348680033]","[23416188.35274461, 22510749.466182843, 22288023.095187858, 389896.41348680033]","[23581818.056761738, 22510749.466182843, 22288023.095187858, 389896.41348680033]","[23314388.563492656, 22510749.466182843, 22288023.095187858, 389896.41348680033]","[23735813.20322441, 22510749.466182843, 22288023.095187858, 389896.41348680033]","[23695904.206656415, 22510749.466182843, 22288023.095187858, 389896.41348680033]","[23765968.45817516, 22510749.466182843, 22288023.095187858, 389896.41348680033]","[23712079.725992147, 22510749.466182843, 22288023.095187858, 389896.41348680033]","[24067285.46438279, 22510749.466182843, 22288023.095187858, 389896.41348680033]","[23846634.74955782, 22510749.466182843, 22288023.095187858, 389896.41348680033]","[23580982.63573705, 22510749.466182843, 22288023.095187858, 389896.41348680033]","[23791035.698244214, 22510749.466182843, 22288023.095187858, 389896.41348680033]","[23675541.93203901, 22510749.466182843, 22288023.095187858, 389896.41348680033]","[23737584.01139047, 22510749.466182843, 22288023.095187858, 389896.41348680033]","[23610975.973054886, 22510749.466182843, 22288023.095187858, 389896.41348680033]","[23500829.28823205, 22510749.466182843, 22288023.095187858, 389896.41348680033]","[23749710.097553134, 22510749.466182843, 22288023.095187858, 389896.41348680033]","[23527016.386451382, 22510749.466182843, 22288023.095187858, 389896.41348680033]","[23882084.307859823, 22510749.466182843, 22288023.095187858, 389896.41348680033]","[23752898.2166998, 22510749.466182843, 22288023.095187858, 389896.41348680033]","[23969017.097211838, 22510749.466182843, 22288023.095187858, 389896.41348680033]","[23660624.615345962, 22510749.466182843, 22288023.095187858, 389896.41348680033]","[23923469.647224516, 22510749.466182843, 22288023.095187858, 389896.41348680033]","[23550000.636653487, 22510749.466182843, 22288023.095187858, 389896.41348680033]","[23593421.11421778, 22510749.466182843, 22288023.095187858, 389896.41348680033]","[23477330.845125902, 22510749.466182843, 22288023.095187858, 389896.41348680033]","[23873141.636391755, 22510749.466182843, 22288023.095187858, 389896.41348680033]","[23464396.679132614, 22510749.466182843, 22288023.095187858, 389896.41348680033]","[23555822.894989792, 22510749.466182843, 22288023.095187858, 389896.41348680033]","[23725611.22453594, 22510749.466182843, 22288023.095187858, 389896.41348680033]","[23673390.28211579, 22510749.466182843, 22288023.095187858, 389896.41348680033]","[23594724.305070117, 22510749.466182843, 22288023.095187858, 389896.41348680033]","[23614398.793632805, 22510749.466182843, 22288023.095187858, 389896.41348680033]","[23666820.07791152, 22510749.466182843, 22288023.095187858, 389896.41348680033]","[23589922.672627397, 22510749.466182843, 22288023.095187858, 389896.41348680033]","[23655226.1317266, 22510749.466182843, 22288023.095187858, 389896.41348680033]","[23477489.890512504, 22510749.466182843, 22288023.095187858, 389896.41348680033]","[23328341.38064412, 22510749.466182843, 22288023.095187858, 389896.41348680033]","[23635807.857756738, 22510749.466182843, 22288023.095187858, 389896.41348680033]","[23695637.943596803, 22510749.466182843, 22288023.095187858, 389896.41348680033]","[23606651.090178475, 22510749.466182843, 22288023.095187858, 389896.41348680033]"
"[22602066.60740586, 21618037.027655195, 21416651.459704787, 357622.69497057557]","[22547274.30971132, 21618037.027655195, 21416651.459704787, 357622.69497057557]","[22411736.9464935, 21618037.027655195, 21416651.459704787, 357622.69497057557]","[22296461.1621826, 21618037.027655195, 21416651.459704787, 357622.69497057557]","[22573084.8701085, 21618037.027655195, 21416651.459704787, 357622.69497057557]","[22294767.505490232, 21618037.027655195, 21416651.459704787, 357622.69497057557]","[22471951.485016398, 21618037.027655195, 21416651.459704787, 357622.69497057557]","[22485865.44600336, 21618037.027655195, 21416651.459704787, 357622.69497057557]","[22589502.406127017, 21618037.027655195, 21416651.459704787, 357622.69497057557]","[22498630.18942262, 21618037.027655195, 21416651.459704787, 357622.69497057557]","[22564311.036483265, 21618037.027655195, 21416651.459704787, 357622.69497057557]","[22304383.916441668, 21618037.027655195, 21416651.459704787, 357622.69497057557]","[22518769.97248797, 21618037.027655195, 21416651.459704787, 357622.69497057557]","[22491556.570029408, 21618037.027655195, 21416651.459704787, 357622.69497057557]","[22716176.28072856, 21618037.027655195, 21416651.459704787, 357622.69497057557]","[22371586.64268033, 21618037.027655195, 21416651.459704787, 357622.69497057557]","[22358619.886630803, 21618037.027655195, 21416651.459704787, 357622.69497057557]","[22606021.624574687, 21618037.027655195, 21416651.459704787, 357622.69497057557]","[22726339.47953488, 21618037.027655195, 21416651.459704787, 357622.69497057557]","[22629193.907458294, 21618037.027655195, 21416651.459704787, 357622.69497057557]","[22434108.70985226, 21618037.027655195, 21416651.459704787, 357622.69497057557]","[22537899.359404318, 21618037.027655195, 21416651.459704787, 357622.69497057557]","[22417274.656629566, 21618037.027655195, 21416651.459704787, 357622.69497057557]","[22617167.622083306, 21618037.027655195, 21416651.459704787, 357622.69497057557]","[22472956.41382741, 21618037.027655195, 21416651.459704787, 357622.69497057557]","[22580639.80556609, 21618037.027655195, 21416651.459704787, 357622.69497057557]","[22658561.231246952, 21618037.027655195, 21416651.459704787, 357622.69497057557]","[22570010.23125119, 21618037.027655195, 21416651.459704787, 357622.69497057557]","[22289257.95139218, 21618037.027655195, 21416651.459704787, 357622.69497057557]","[22473983.897346593, 21618037.027655195, 21416651.459704787, 357622.69497057557]","[22580641.984189913, 21618037.027655195, 21416651.459704787, 357622.69497057557]","[22357400.046814345, 21618037.027655195, 21416651.459704787, 357622.69497057557]","[22583724.618923526, 21618037.027655195, 21416651.459704787, 357622.69497057557]","[22557904.612025157, 21618037.027655195, 21416651.459704787, 357622.69497057557]","[22287449.779481582, 21618037.027655195, 21416651.459704787, 357622.69497057557]","[22558422.703333817, 21618037.027655195, 21416651.459704787, 357622.69497057557]","[22612996.97144284, 21618037.027655195, 21416651.459704787, 357622.69497057557]","[22616259.585787013, 21618037.027655195, 21416651.459704787, 357622.69497057557]","[22912319.5738675, 21618037.027655195, 21416651.459704787, 357622.69497057557]","[22503945.52069915, 21618037.027655195, 21416651.459704787, 357622.69497057557]","[22598604.475963373, 21618037.027655195, 21416651.459704787, 357622.69497057557]","[22561106.440832976, 21618037.027655195, 21416651.459704787, 357622.69497057557]","[22586367.121226728, 21618037.027655195, 21416651.459704787, 357622.69497057557]","[22637994.76723751, 21618037.027655195, 21416651.459704787, 357622.69497057557]","[22546105.077680636, 21618037.027655195, 21416651.459704787, 357622.69497057557]","[22591242.45902515, 21618037.027655195, 21416651.459704787, 357622.69497057557]","[22472826.296458624, 21618037.027655195, 21416651.459704787, 357622.69497057557]","[22407611.769490287, 21618037.027655195, 21416651.459704787, 357622.69497057557]","[22251479.569377318, 21618037.027655195, 21416651.459704787, 357622.69497057557]","[22507275.129372977, 21618037.027655195, 21416651.459704787, 357622.69497057557]"
"[23415750.142003752, 22400098.830714483, 22182224.191978, 375264.6160971594]","[23408773.220078528, 22400098.830714483, 22182224.191978, 375264.6160971594]","[23535318.74875274, 22400098.830714483, 22182224.191978, 375264.6160971594]","[23269063.871271905, 22400098.830714483, 22182224.191978, 375264.6160971594]","[23410173.1847292, 22400098.830714483, 22182224.191978, 375264.6160971594]","[23301580.10637107, 22400098.830714483, 22182224.191978, 375264.6160971594]","[23606667.565297805, 22400098.830714483, 22182224.191978, 375264.6160971594]","[23376480.270652596, 22400098.830714483, 22182224.191978, 375264.6160971594]","[23310374.666215222, 22400098.830714483, 22182224.191978, 375264.6160971594]","[23293157.558312476, 22400098.830714483, 22182224.191978, 375264.6160971594]","[23459284.49774185, 22400098.830714483, 22182224.191978, 375264.6160971594]","[23319979.181596454, 22400098.830714483, 22182224.191978, 375264.6160971594]","[23497047.83602016, 22400098.830714483, 22182224.191978, 375264.6160971594]","[23399890.952446844, 22400098.830714483, 22182224.191978, 375264.6160971594]","[23373463.170382943, 22400098.830714483, 22182224.191978, 375264.6160971594]","[23425468.2801915, 22400098.830714483, 22182224.191978, 375264.6160971594]","[23552049.029738106, 22400098.830714483, 22182224.191978, 375264.6160971594]","[23356490.684201546, 22400098.830714483, 22182224.191978, 375264.6160971594]","[23384673.562919762, 22400098.830714483, 22182224.191978, 375264.6160971594]","[23935490.669543613, 22400098.830714483, 22182224.191978, 375264.6160971594]","[23370447.575152874, 22400098.830714483, 22182224.191978, 375264.6160971594]","[23238481.396024108, 22400098.830714483, 22182224.191978, 375264.6160971594]","[23380729.974727836, 22400098.830714483, 22182224.191978, 375264.6160971594]","[23454888.03825195, 22400098.830714483, 22182224.191978, 375264.6160971594]","[23437903.48971744, 22400098.830714483, 22182224.191978, 375264.6160971594]","[23628032.37673313, 22400098.830714483, 22182224.191978, 375264.6160971594]","[23422516.59456095, 22400098.830714483, 22182224.191978, 375264.6160971594]","[23395849.269907292, 22400098.830714483, 22182224.191978, 375264.6160971594]","[23587090.64845908, 22400098.830714483, 22182224.191978, 375264.6160971594]","[23398188.70448085, 22400098.830714483, 22182224.191978, 375264.6160971594]","[23282341.853625614, 22400098.830714483, 22182224.191978, 375264.6160971594]","[23524042.970953826, 22400098.830714483, 22182224.191978, 375264.6160971594]","[23485149.309750266, 22400098.830714483, 22182224.191978, 375264.6160971594]","[23520964.630248036, 22400098.830714483, 22182224.191978, 375264.6160971594]","[23443600.36695674, 22400098.830714483, 22182224.191978, 375264.6160971594]","[23597416.26086118, 22400098.830714483, 22182224.191978, 375264.6160971594]","[23637843.3299056, 22400098.830714483, 22182224.191978, 375264.6160971594]","[23557013.005587, 22400098.830714483, 22182224.191978, 375264.6160971594]","[23476274.299696896, 22400098.830714483, 22182224.191978, 375264.6160971594]","[23425166.525043316, 22400098.830714483, 22182224.191978, 375264.6160971594]","[23609783.05925981, 22400098.830714483, 22182224.191978, 375264.6160971594]","[23328942.68430455, 22400098.830714483, 22182224.191978, 375264.6160971594]","[23594105.523840636, 22400098.830714483, 22182224.191978, 375264.6160971594]","[23405091.75659357, 22400098.830714483, 22182224.191978, 375264.6160971594]","[23281393.21525291, 22400098.830714483, 22182224.191978, 375264.6160971594]","[23475183.539546978, 22400098.830714483, 22182224.191978, 375264.6160971594]","[23574289.70507949, 22400098.830714483, 22182224.191978, 375264.6160971594]","[23469067.718043517, 22400098.830714483, 22182224.191978, 375264.6160971594]","[23617850.547003116, 22400098.830714483, 22182224.191978, 375264.6160971594]","[23372216.14581404, 22400098.830714483, 22182224.191978, 375264.6160971594]"
"[23554311.186648306, 22645930.09535249, 22436750.53650173, 373941.670357897]","[23655842.417849496, 22645930.09535249, 22436750.53650173, 373941.670357897]","[23570883.26463685, 22645930.09535249, 22436750.53650173, 373941.670357897]","[23644018.53205295, 22645930.09535249, 22436750.53650173, 373941.670357897]","[23828167.45123832, 22645930.09535249, 22436750.53650173, 373941.670357897]","[24024125.437670477, 22645930.09535249, 22436750.53650173, 373941.670357897]","[23703255.75051489, 22645930.09535249, 22436750.53650173, 373941.670357897]","[23528110.391898334, 22645930.09535249, 22436750.53650173, 373941.670357897]","[23418921.23877582, 22645930.09535249, 22436750.53650173, 373941.670357897]","[23641088.682228398, 22645930.09535249, 22436750.53650173, 373941.670357897]","[23440225.444643896, 22645930.09535249, 22436750.53650173, 373941.670357897]","[23525187.50447276, 22645930.09535249, 22436750.53650173, 373941.670357897]","[23512265.047140546, 22645930.09535249, 22436750.53650173, 373941.670357897]","[23334956.580210347, 22645930.09535249, 22436750.53650173, 373941.670357897]","[23479459.450251155, 22645930.09535249, 22436750.53650173, 373941.670357897]","[23505175.703504078, 22645930.09535249, 22436750.53650173, 373941.670357897]","[23482887.365602415, 22645930.09535249, 22436750.53650173, 373941.670357897]","[23522933.753549162, 22645930.09535249, 22436750.53650173, 373941.670357897]","[23647524.970603272, 22645930.09535249, 22436750.53650173, 373941.670357897]","[23651776.18634851, 22645930.09535249, 22436750.53650173, 373941.670357897]","[23908423.94527285, 22645930.09535249, 22436750.53650173, 373941.670357897]","[23371654.340761736, 22645930.09535249, 22436750.53650173, 373941.670357897]","[23491192.198122412, 22645930.09535249, 22436750.53650173, 373941.670357897]","[23695642.433590073, 22645930.09535249, 22436750.53650173, 373941.670357897]","[23892170.996839166, 22645930.09535249, 22436750.53650173, 373941.670357897]","[23583922.434700042, 22645930.09535249, 22436750.53650173, 373941.670357897]","[23623004.67613303, 22645930.09535249, 22436750.53650173, 373941.670357897]","[23417765.895458292, 22645930.09535249, 22436750.53650173, 373941.670357897]","[23628493.600140385, 22645930.09535249, 22436750.53650173, 373941.670357897]","[23569003.892189823, 22645930.09535249, 22436750.53650173, 373941.670357897]","[23725365.934093405, 22645930.09535249, 22436750.53650173, 373941.670357897]","[23659765.04358178, 22645930.09535249, 22436750.53650173, 373941.670357897]","[23748836.606934108, 22645930.09535249, 22436750.53650173, 373941.670357897]","[23509707.474250853, 22645930.09535249, 22436750.53650173, 373941.670357897]","[23517374.786273073, 22645930.09535249, 22436750.53650173, 373941.670357897]","[23568654.94767889, 22645930.09535249, 22436750.53650173, 373941.670357897]","[23653379.67501384, 22645930.09535249, 22436750.53650173, 373941.670357897]","[23697279.681809627, 22645930.09535249, 22436750.53650173, 373941.670357897]","[23844222.334955696, 22645930.09535249, 22436750.53650173, 373941.670357897]","[23533832.775215905, 22645930.09535249, 22436750.53650173, 373941.670357897]","[23580060.708646096, 22645930.09535249, 22436750.53650173, 373941.670357897]","[23512366.26081295, 22645930.09535249, 22436750.53650173, 373941.670357897]","[23667980.692733303, 22645930.09535249, 22436750.53650173, 373941.670357897]","[23744641.429443814, 22645930.09535249, 22436750.53650173, 373941.670357897]","[23363358.628823046, 22645930.09535249, 22436750.53650173, 373941.670357897]","[23365105.71575166, 22645930.09535249, 22436750.53650173, 373941.670357897]","[23602239.750652008, 22645930.09535249, 22436750.53650173, 373941.670357897]","[23716132.847245928, 22645930.09535249, 22436750.53650173, 373941.670357897]","[23830982.86373302, 22645930.09535249, 22436750.53650173, 373941.670357897]","[23558884.93207394, 22645930.09535249, 22436750.53650173, 373941.670357897]"
"[22885280.61001892, 21992145.260803353, 21791128.87695832, 361608.6358036234]","[22898155.69815454, 21992145.260803353, 21791128.87695832, 361608.6358036234]","[23020795.69386799, 21992145.260803353, 21791128.87695832, 361608.6358036234]","[23037934.26960572, 21992145.260803353, 21791128.87695832, 361608.6358036234]","[22808841.42653859, 21992145.260803353, 21791128.87695832, 361608.6358036234]","[22805821.950207595, 21992145.260803353, 21791128.87695832, 361608.6358036234]","[23140535.860996574, 21992145.260803353, 21791128.87695832, 361608.6358036234]","[23261071.363434862, 21992145.260803353, 21791128.87695832, 361608.6358036234]","[22890984.128179666, 21992145.260803353, 21791128.87695832, 361608.6358036234]","[23084485.14768441, 21992145.260803353, 21791128.87695832, 361608.6358036234]","[22861659.496342998, 21992145.260803353, 21791128.87695832, 361608.6358036234]","[23015644.740164243, 21992145.260803353, 21791128.87695832, 361608.6358036234]","[23077733.5445325, 21992145.260803353, 21791128.87695832, 361608.6358036234]","[22799513.200601008, 21992145.260803353, 21791128.87695832, 361608.6358036234]","[22843117.182070445, 21992145.260803353, 21791128.87695832, 361608.6358036234]","[22995544.243043322, 21992145.260803353, 21791128.87695832, 361608.6358036234]","[22777619.647602964, 21992145.260803353, 21791128.87695832, 361608.6358036234]","[22861211.45776577, 21992145.260803353, 21791128.87695832, 361608.6358036234]","[22830474.242531784, 21992145.260803353, 21791128.87695832, 361608.6358036234]","[22773667.740286272, 21992145.260803353, 21791128.87695832, 361608.6358036234]","[22777046.639288012, 21992145.260803353, 21791128.87695832, 361608.6358036234]","[22874290.75529498, 21992145.260803353, 21791128.87695832, 361608.6358036234]","[22662237.666221343, 21992145.260803353, 21791128.87695832, 361608.6358036234]","[22673677.060335193, 21992145.260803353, 21791128.87695832, 361608.6358036234]","[22777436.88960304, 21992145.260803353, 21791128.87695832, 361608.6358036234]","[22787655.246269017, 21992145.260803353, 21791128.87695832, 361608.6358036234]","[23114719.26604666, 21992145.260803353, 21791128.87695832, 361608.6358036234]","[23112250.574038453, 21992145.260803353, 21791128.87695832, 361608.6358036234]","[22916717.87526257, 21992145.260803353, 21791128.87695832, 361608.6358036234]","[23111100.120819177, 21992145.260803353, 21791128.87695832, 361608.6358036234]","[22882034.81986466, 21992145.260803353, 21791128.87695832, 361608.6358036234]","[22910040.48773115, 21992145.260803353, 21791128.87695832, 361608.6358036234]","[23045499.94979883, 21992145.260803353, 21791128.87695832, 361608.6358036234]","[22835958.878270708, 21992145.260803353, 21791128.87695832, 361608.6358036234]","[22952805.03841115, 21992145.260803353, 21791128.87695832, 361608.6358036234]","[22840004.42809357, 21992145.260803353, 21791128.87695832, 361608.6358036234]","[22768204.39205424, 21992145.260803353, 21791128.87695832, 361608.6358036234]","[22749931.858663496, 21992145.260803353, 21791128.87695832, 361608.6358036234]","[23058512.12874084, 21992145.260803353, 21791128.87695832, 361608.6358036234]","[23148756.562831234, 21992145.260803353, 21791128.87695832, 361608.6358036234]","[22893838.537139952, 21992145.260803353, 21791128.87695832, 361608.6358036234]","[22895124.552337937, 21992145.260803353, 21791128.87695832, 361608.6358036234]","[22870371.372553304, 21992145.260803353, 21791128.87695832, 361608.6358036234]","[22817829.675298754, 21992145.260803353, 21791128.87695832, 361608.6358036234]","[23005535.831510868, 21992145.260803353, 21791128.87695832, 361608.6358036234]","[22867923.262277815, 21992145.260803353, 21791128.87695832, 361608.6358036234]","[23007584.883549567, 21992145.260803353, 21791128.87695832, 361608.6358036234]","[22838879.70843849, 21992145.260803353, 21791128.87695832, 361608.6358036234]","[22888734.74382604, 21992145.260803353, 21791128.87695832, 361608.6358036234]","[22951083.97658853, 21992145.260803353, 21791128.87695832, 361608.6358036234]"
"[24281046.47732084, 23306638.455392085, 23081099.9885801, 388358.0380069034]","[24277325.35508051, 23306638.455392085, 23081099.9885801, 388358.0380069034]","[24079109.52320453, 23306638.455392085, 23081099.9885801, 388358.0380069034]","[24703130.27653712, 23306638.455392085, 23081099.9885801, 388358.0380069034]","[24288929.349503063, 23306638.455392085, 23081099.9885801, 388358.0380069034]","[24394174.906255018, 23306638.455392085, 23081099.9885801, 388358.0380069034]","[24307411.801517993, 23306638.455392085, 23081099.9885801, 388358.0380069034]","[24263165.72680406, 23306638.455392085, 23081099.9885801, 388358.0380069034]","[24200702.132197537, 23306638.455392085, 23081099.9885801, 388358.0380069034]","[24264799.013044268, 23306638.455392085, 23081099.9885801, 388358.0380069034]","[24467117.236333147, 23306638.455392085, 23081099.9885801, 388358.0380069034]","[24226611.308706813, 23306638.455392085, 23081099.9885801, 388358.0380069034]","[24341685.81201947, 23306638.455392085, 23081099.9885801, 388358.0380069034]","[24110200.406682044, 23306638.455392085, 23081099.9885801, 388358.0380069034]","[24511147.980004214, 23306638.455392085, 23081099.9885801, 388358.0380069034]","[24344344.97410401, 23306638.455392085, 23081099.9885801, 388358.0380069034]","[24595913.06278643, 23306638.455392085, 23081099.9885801, 388358.0380069034]","[24333768.43990265, 23306638.455392085, 23081099.9885801, 388358.0380069034]","[24382782.865665305, 23306638.455392085, 23081099.9885801, 388358.0380069034]","[24515422.95568752, 23306638.455392085, 23081099.9885801, 388358.0380069034]","[24212141.2005557, 23306638.455392085, 23081099.9885801, 388358.0380069034]","[24277077.56777117, 23306638.455392085, 23081099.9885801, 388358.0380069034]","[24357703.140780307, 23306638.455392085, 23081099.9885801, 388358.0380069034]","[24195723.55022747, 23306638.455392085, 23081099.9885801, 388358.0380069034]","[24340601.144900743, 23306638.455392085, 23081099.9885801, 388358.0380069034]","[24137797.704742208, 23306638.455392085, 23081099.9885801, 388358.0380069034]","[24107595.964160156, 23306638.455392085, 23081099.9885801, 388358.0380069034]","[24317055.873864587, 23306638.455392085, 23081099.9885801, 388358.0380069034]","[24237175.560993552, 23306638.455392085, 23081099.9885801, 388358.0380069034]","[24357835.718260672, 23306638.455392085, 23081099.9885801, 388358.0380069034]","[24147760.285061903, 23306638.455392085, 23081099.9885801, 388358.0380069034]","[24397749.444009356, 23306638.455392085, 23081099.9885801, 388358.0380069034]","[24355053.38680442, 23306638.455392085, 23081099.9885801, 388358.0380069034]","[24345014.320086252, 23306638.455392085, 23081099.9885801, 388358.0380069034]","[24239552.681484077, 23306638.455392085, 23081099.9885801, 388358.0380069034]","[24558640.87821123, 23306638.455392085, 23081099.9885801, 388358.0380069034]","[24228651.294184763, 23306638.455392085, 23081099.9885801, 388358.0380069034]","[24270584.270887055, 23306638.455392085, 23081099.9885801, 388358.0380069034]","[24243695.095968373, 23306638.455392085, 23081099.9885801, 388358.0380069034]","[24371237.473780777, 23306638.455392085, 23081099.9885801, 388358.0380069034]","[24153765.75753241, 23306638.455392085, 23081099.9885801, 388358.0380069034]","[24108906.36597987, 23306638.455392085, 23081099.9885801, 388358.0380069034]","[23990677.053124115, 23306638.455392085, 23081099.9885801, 388358.0380069034]","[24252495.937713392, 23306638.455392085, 23081099.9885801, 388358.0380069034]","[24180480.92927839, 23306638.455392085, 23081099.9885801, 388358.0380069034]","[24349105.64362721, 23306638.455392085, 23081099.9885801, 388358.0380069034]","[24419854.1482667, 23306638.455392085, 23081099.9885801, 388358.0380069034]","[24198462.235878885, 23306638.455392085, 23081099.9885801, 388358.0380069034]","[24126358.202197358, 23306638.455392085, 23081099.9885801, 388358.0380069034]","[24189974.993229654, 23306638.455392085, 23081099.9885801, 388358.0380069034]"
"[23656055.807249784, 22389636.422303583, 22166260.13129452, 380918.2796964601]","[23585387.12167158, 22389636.422303583, 22166260.13129452, 380918.2796964601]","[23679703.442351997, 22389636.422303583, 22166260.13129452, 380918.2796964601]","[23704794.42788053, 22389636.422303583, 22166260.13129452, 380918.2796964601]","[23831419.972187106, 22389636.422303583, 22166260.13129452, 380918.2796964601]","[23547163.572593722, 22389636.422303583, 22166260.13129452, 380918.2796964601]","[23569944.53009674, 22389636.422303583, 22166260.13129452, 380918.2796964601]","[23512067.604905806, 22389636.422303583, 22166260.13129452, 380918.2796964601]","[23522078.70048259, 22389636.422303583, 22166260.13129452, 380918.2796964601]","[23503426.506957702, 22389636.422303583, 22166260.13129452, 380918.2796964601]","[23595552.252975352, 22389636.422303583, 22166260.13129452, 380918.2796964601]","[24078502.644159097, 22389636.422303583, 22166260.13129452, 380918.2796964601]","[23414148.22949254, 22389636.422303583, 22166260.13129452, 380918.2796964601]","[23741761.87257652, 22389636.422303583, 22166260.13129452, 380918.2796964601]","[23447736.31624074, 22389636.422303583, 22166260.13129452, 380918.2796964601]","[23667385.42750308, 22389636.422303583, 22166260.13129452, 380918.2796964601]","[23376422.538381763, 22389636.422303583, 22166260.13129452, 380918.2796964601]","[23682750.401381165, 22389636.422303583, 22166260.13129452, 380918.2796964601]","[23246708.679694157, 22389636.422303583, 22166260.13129452, 380918.2796964601]","[23677977.12659175, 22389636.422303583, 22166260.13129452, 380918.2796964601]","[23583763.653060716, 22389636.422303583, 22166260.13129452, 380918.2796964601]","[23456828.044896074, 22389636.422303583, 22166260.13129452, 380918.2796964601]","[23397085.30188441, 22389636.422303583, 22166260.13129452, 380918.2796964601]","[23262198.93489507, 22389636.422303583, 22166260.13129452, 380918.2796964601]","[23529392.731160898, 22389636.422303583, 22166260.13129452, 380918.2796964601]","[23413448.784072746, 22389636.422303583, 22166260.13129452, 380918.2796964601]","[23524512.526659694, 22389636.422303583, 22166260.13129452, 380918.2796964601]","[23519586.734319378, 22389636.422303583, 22166260.13129452, 380918.2796964601]","[23750128.628163226, 22389636.422303583, 22166260.13129452, 380918.2796964601]","[23439355.76364197, 22389636.422303583, 22166260.13129452, 380918.2796964601]","[23521878.218982436, 22389636.422303583, 22166260.13129452, 380918.2796964601]","[23510919.43822448, 22389636.422303583, 22166260.13129452, 380918.2796964601]","[23435135.804990157, 22389636.422303583, 22166260.13129452, 380918.2796964601]","[23354083.202008978, 22389636.422303583, 22166260.13129452, 380918.2796964601]","[23793175.093134154, 22389636.422303583, 22166260.13129452, 380918.2796964601]","[23992200.017264634, 22389636.422303583, 22166260.13129452, 380918.2796964601]","[23460098.29682581, 22389636.422303583, 22166260.13129452, 380918.2796964601]","[23468735.789399292, 22389636.422303583, 22166260.13129452, 380918.2796964601]","[23516449.49457117, 22389636.422303583, 22166260.13129452, 380918.2796964601]","[23346694.085539933, 22389636.422303583, 22166260.13129452, 380918.2796964601]","[23329490.591668222, 22389636.422303583, 22166260.13129452, 380918.2796964601]","[23376648.197483182, 22389636.422303583, 22166260.13129452, 380918.2796964601]","[23592872.41186368, 22389636.422303583, 22166260.13129452, 380918.2796964601]","[23479162.135359414, 22389636.422303583, 22166260.13129452, 380918.2796964601]","[23404644.093323775, 22389636.422303583, 22166260.13129452, 380918.2796964601]","[23484962.339191657, 22389636.422303583, 22166260.13129452, 380918.2796964601]","[23509691.348432034, 22389636.422303583, 22166260.13129452, 380918.2796964601]","[23417325.950087104, 22389636.422303583, 22166260.13129452, 380918.2796964601]","[23611457.59979394, 22389636.422303583, 22166260.13129452, 380918.2796964601]","[23674080.191056337, 22389636.422303583, 22166260.13129452, 380918.2796964601]"
"[23235491.846677385, 22378969.68681063, 22171315.00655906, 372482.08977626375]","[23207249.154334895, 22378969.68681063, 22171315.00655906, 372482.08977626375]","[23339023.01851401, 22378969.68681063, 22171315.00655906, 372482.08977626375]","[23140387.214194935, 22378969.68681063, 22171315.00655906, 372482.08977626375]","[23425081.583988972, 22378969.68681063, 22171315.00655906, 372482.08977626375]","[23293977.314973254, 22378969.68681063, 22171315.00655906, 372482.08977626375]","[23249047.226333383, 22378969.68681063, 22171315.00655906, 372482.08977626375]","[23315039.88098653, 22378969.68681063, 22171315.00655906, 372482.08977626375]","[23402473.31979011, 22378969.68681063, 22171315.00655906, 372482.08977626375]","[23431649.812450796, 22378969.68681063, 22171315.00655906, 372482.08977626375]","[23226666.73391499, 22378969.68681063, 22171315.00655906, 372482.08977626375]","[23427044.379938502, 22378969.68681063, 22171315.00655906, 372482.08977626375]","[23378987.06278721, 22378969.68681063, 22171315.00655906, 372482.08977626375]","[23142375.57667986, 22378969.68681063, 22171315.00655906, 372482.08977626375]","[23334695.30152312, 22378969.68681063, 22171315.00655906, 372482.08977626375]","[23587509.96759938, 22378969.68681063, 22171315.00655906, 372482.08977626375]","[23314843.256249234, 22378969.68681063, 22171315.00655906, 372482.08977626375]","[23275756.273522656, 22378969.68681063, 22171315.00655906, 372482.08977626375]","[23249022.547884148, 22378969.68681063, 22171315.00655906, 372482.08977626375]","[23435151.190275494, 22378969.68681063, 22171315.00655906, 372482.08977626375]","[23459602.89378541, 22378969.68681063, 22171315.00655906, 372482.08977626375]","[23439289.765125204, 22378969.68681063, 22171315.00655906, 372482.08977626375]","[23639689.286985468, 22378969.68681063, 22171315.00655906, 372482.08977626375]","[23285870.295528475, 22378969.68681063, 22171315.00655906, 372482.08977626375]","[23270311.40013594, 22378969.68681063, 22171315.00655906, 372482.08977626375]","[23265358.892819487, 22378969.68681063, 22171315.00655906, 372482.08977626375]","[23473688.85296826, 22378969.68681063, 22171315.00655906, 372482.08977626375]","[23292899.12415239, 22378969.68681063, 22171315.00655906, 372482.08977626375]","[23476053.337523665, 22378969.68681063, 22171315.00655906, 372482.08977626375]","[23439532.324797466, 22378969.68681063, 22171315.00655906, 372482.08977626375]","[23365171.032852177, 22378969.68681063, 22171315.00655906, 372482.08977626375]","[23311141.462519202, 22378969.68681063, 22171315.00655906, 372482.08977626375]","[23140765.68833512, 22378969.68681063, 22171315.00655906, 372482.08977626375]","[23062819.887848478, 22378969.68681063, 22171315.00655906, 372482.08977626375]","[23317889.507931057, 22378969.68681063, 22171315.00655906, 372482.08977626375]","[23184266.8050137, 22378969.68681063, 22171315.00655906, 372482.08977626375]","[23277401.933978047, 22378969.68681063, 22171315.00655906, 372482.08977626375]","[23519608.396491118, 22378969.68681063, 22171315.00655906, 372482.08977626375]","[23144224.57986443, 22378969.68681063, 22171315.00655906, 372482.08977626375]","[23417050.455215853, 22378969.68681063, 22171315.00655906, 372482.08977626375]","[23228451.506102975, 22378969.68681063, 22171315.00655906, 372482.08977626375]","[23299895.866516445, 22378969.68681063, 22171315.00655906, 372482.08977626375]","[23337259.342906546, 22378969.68681063, 22171315.00655906, 372482.08977626375]","[23370045.511774458, 22378969.68681063, 22171315.00655906, 372482.08977626375]","[23279065.123068344, 22378969.68681063, 22171315.00655906, 372482.08977626375]","[23396527.642105184, 22378969.68681063, 22171315.00655906, 372482.08977626375]","[23266254.216366798, 22378969.68681063, 22171315.00655906, 372482.08977626375]","[23356271.890188694, 22378969.68681063, 22171315.00655906, 372482.08977626375]","[23347097.363554392, 22378969.68681063, 22171315.00655906, 372482.08977626375]","[23483893.653263338, 22378969.68681063, 22171315.00655906, 372482.08977626375]"
"[23545643.853672843, 22536122.976199936, 22304092.658203606, 385274.23194342]","[23526706.563504767, 22536122.976199936, 22304092.658203606, 385274.23194342]","[23500791.842612624, 22536122.976199936, 22304092.658203606, 385274.23194342]","[23418384.549489997, 22536122.976199936, 22304092.658203606, 385274.23194342]","[23565739.08782761, 22536122.976199936, 22304092.658203606, 385274.23194342]","[23731613.8138011, 22536122.976199936, 22304092.658203606, 385274.23194342]","[23617313.622019358, 22536122.976199936, 22304092.658203606, 385274.23194342]","[23467064.986299403, 22536122.976199936, 22304092.658203606, 385274.23194342]","[23516828.59514284, 22536122.976199936, 22304092.658203606, 385274.23194342]","[23363208.791914918, 22536122.976199936, 22304092.658203606, 385274.23194342]","[23932048.682500683, 22536122.976199936, 22304092.658203606, 385274.23194342]","[23482001.90834387, 22536122.976199936, 22304092.658203606, 385274.23194342]","[23452454.683550555, 22536122.976199936, 22304092.658203606, 385274.23194342]","[23401587.991699222, 22536122.976199936, 22304092.658203606, 385274.23194342]","[23643959.60168683, 22536122.976199936, 22304092.658203606, 385274.23194342]","[23848489.97764191, 22536122.976199936, 22304092.658203606, 385274.23194342]","[23922135.11786, 22536122.976199936, 22304092.658203606, 385274.23194342]","[23869976.822082005, 22536122.976199936, 22304092.658203606, 385274.23194342]","[23627518.683054086, 22536122.976199936, 22304092.658203606, 385274.23194342]","[23577193.056013152, 22536122.976199936, 22304092.658203606, 385274.23194342]","[23705251.794859204, 22536122.976199936, 22304092.658203606, 385274.23194342]","[23590307.116594337, 22536122.976199936, 22304092.658203606, 385274.23194342]","[23776360.044216286, 22536122.976199936, 22304092.658203606, 385274.23194342]","[23906137.441966835, 22536122.976199936, 22304092.658203606, 385274.23194342]","[23581860.08371156, 22536122.976199936, 22304092.658203606, 385274.23194342]","[23536943.586456683, 22536122.976199936, 22304092.658203606, 385274.23194342]","[23529890.230084408, 22536122.976199936, 22304092.658203606, 385274.23194342]","[23534081.44104465, 22536122.976199936, 22304092.658203606, 385274.23194342]","[23623612.797539797, 22536122.976199936, 22304092.658203606, 385274.23194342]","[23578670.360275388, 22536122.976199936, 22304092.658203606, 385274.23194342]","[23600547.691552293, 22536122.976199936, 22304092.658203606, 385274.23194342]","[23455777.44053955, 22536122.976199936, 22304092.658203606, 385274.23194342]","[23633232.349743314, 22536122.976199936, 22304092.658203606, 385274.23194342]","[23482095.616131883, 22536122.976199936, 22304092.658203606, 385274.23194342]","[23516955.294077672, 22536122.976199936, 22304092.658203606, 385274.23194342]","[23435915.90655529, 22536122.976199936, 22304092.658203606, 385274.23194342]","[23595024.55944512, 22536122.976199936, 22304092.658203606, 385274.23194342]","[23644581.425439518, 22536122.976199936, 22304092.658203606, 385274.23194342]","[23605300.957578823, 22536122.976199936, 22304092.658203606, 385274.23194342]","[23761339.124767896, 22536122.976199936, 22304092.658203606, 385274.23194342]","[23647291.700210366, 22536122.976199936, 22304092.658203606, 385274.23194342]","[23485270.953319453, 22536122.976199936, 22304092.658203606, 385274.23194342]","[23643945.216492802, 22536122.976199936, 22304092.658203606, 385274.23194342]","[23984505.594242528, 22536122.976199936, 22304092.658203606, 385274.23194342]","[23449334.230577234, 22536122.976199936, 22304092.658203606, 385274.23194342]","[23633234.54294621, 22536122.976199936, 22304092.658203606, 385274.23194342]","[23936867.316131756, 22536122.976199936, 22304092.658203606, 385274.23194342]","[23660790.895234097, 22536122.976199936, 22304092.658203606, 385274.23194342]","[23693043.460533477, 22536122.976199936, 22304092.658203606, 385274.23194342]","[23556519.5563161, 22536122.976199936, 22304092.658203606, 385274.23194342]"
"[24432619.158148937, 23217434.149107177, 22976650.284641128, 398802.7740877172]","[24269358.02564523, 23217434.149107177, 22976650.284641128, 398802.7740877172]","[24535916.376319952, 23217434.149107177, 22976650.284641128, 398802.7740877172]","[24485225.294868693, 23217434.149107177, 22976650.284641128, 398802.7740877172]","[24722297.375470694, 23217434.149107177, 22976650.284641128, 398802.7740877172]","[24914162.93844204, 23217434.149107177, 22976650.284641128, 398802.7740877172]","[24725390.708165575, 23217434.149107177, 22976650.284641128, 398802.7740877172]","[24295683.318288557, 23217434.149107177, 22976650.284641128, 398802.7740877172]","[24814913.916600835, 23217434.149107177, 22976650.284641128, 398802.7740877172]","[24493317.675160844, 23217434.149107177, 22976650.284641128, 398802.7740877172]","[24404684.233569056, 23217434.149107177, 22976650.284641128, 398802.7740877172]","[24476569.658882, 23217434.149107177, 22976650.284641128, 398802.7740877172]","[24702532.94269076, 23217434.149107177, 22976650.284641128, 398802.7740877172]","[24559988.747768737, 23217434.149107177, 22976650.284641128, 398802.7740877172]","[24525602.109045573, 23217434.149107177, 22976650.284641128, 398802.7740877172]","[24884349.524891887, 23217434.149107177, 22976650.284641128, 398802.7740877172]","[24664308.80806853, 23217434.149107177, 22976650.284641128, 398802.7740877172]","[24511855.457782645, 23217434.149107177, 22976650.284641128, 398802.7740877172]","[24680541.86230224, 23217434.149107177, 22976650.284641128, 398802.7740877172]","[24865504.095074374, 23217434.149107177, 22976650.284641128, 398802.7740877172]","[24529039.451740377, 23217434.149107177, 22976650.284641128, 398802.7740877172]","[24478818.965407852, 23217434.149107177, 22976650.284641128, 398802.7740877172]","[24617900.29853243, 23217434.149107177, 22976650.284641128, 398802.7740877172]","[24741219.02011859, 23217434.149107177, 22976650.284641128, 398802.7740877172]","[24687158.88355418, 23217434.149107177, 22976650.284641128, 398802.7740877172]","[24477767.53812432, 23217434.149107177, 22976650.284641128, 398802.7740877172]","[24605108.362489697, 23217434.149107177, 22976650.284641128, 398802.7740877172]","[24931465.43964498, 23217434.149107177, 22976650.284641128, 398802.7740877172]","[24348747.556452647, 23217434.149107177, 22976650.284641128, 398802.7740877172]","[24702026.918374468, 23217434.149107177, 22976650.284641128, 398802.7740877172]","[24604772.481037483, 23217434.149107177, 22976650.284641128, 398802.7740877172]","[24816479.931154482, 23217434.149107177, 22976650.284641128, 398802.7740877172]","[24652062.55989682, 23217434.149107177, 22976650.284641128, 398802.7740877172]","[24655901.01417011, 23217434.149107177, 22976650.284641128, 398802.7740877172]","[24539261.39114472, 23217434.149107177, 22976650.284641128, 398802.7740877172]","[24607536.416861285, 23217434.149107177, 22976650.284641128, 398802.7740877172]","[24691303.547274645, 23217434.149107177, 22976650.284641128, 398802.7740877172]","[24498954.77884958, 23217434.149107177, 22976650.284641128, 398802.7740877172]","[24368694.678328197, 23217434.149107177, 22976650.284641128, 398802.7740877172]","[24376648.401562616, 23217434.149107177, 22976650.284641128, 398802.7740877172]","[24993608.98469209, 23217434.149107177, 22976650.284641128, 398802.7740877172]","[24589081.53892357, 23217434.149107177, 22976650.284641128, 398802.7740877172]","[24523969.037876416, 23217434.149107177, 22976650.284641128, 398802.7740877172]","[24470027.86245026, 23217434.149107177, 22976650.284641128, 398802.7740877172]","[24660855.207218852, 23217434.149107177, 22976650.284641128, 398802.7740877172]","[24378317.219436508, 23217434.149107177, 22976650.284641128, 398802.7740877172]","[24744963.903836917, 23217434.149107177, 22976650.284641128, 398802.7740877172]","[24652685.148566745, 23217434.149107177, 22976650.284641128, 398802.7740877172]","[24625984.489726935, 23217434.149107177, 22976650.284641128, 398802.7740877172]","[24403088.61203111, 23217434.149107177, 22976650.284641128, 398802.7740877172]"
"[24224071.592457786, 23388211.83826135, 23169589.241092555, 375364.08340096555]","[24122772.872806717, 23388211.83826135, 23169589.241092555, 375364.08340096555]","[24210596.074233, 23388211.83826135, 23169589.241092555, 375364.08340096555]","[24132761.218782242, 23388211.83826135, 23169589.241092555, 375364.08340096555]","[24340563.10979992, 23388211.83826135, 23169589.241092555, 375364.08340096555]","[24357494.941465504, 23388211.83826135, 23169589.241092555, 375364.08340096555]","[24170619.210857768, 23388211.83826135, 23169589.241092555, 375364.08340096555]","[24318485.62601855, 23388211.83826135, 23169589.241092555, 375364.08340096555]","[24078011.68255617, 23388211.83826135, 23169589.241092555, 375364.08340096555]","[24260435.59668779, 23388211.83826135, 23169589.241092555, 375364.08340096555]","[24585779.99288189, 23388211.83826135, 23169589.241092555, 375364.08340096555]","[24148970.790569343, 23388211.83826135, 23169589.241092555, 375364.08340096555]","[24275951.363449216, 23388211.83826135, 23169589.241092555, 375364.08340096555]","[24240387.86370852, 23388211.83826135, 23169589.241092555, 375364.08340096555]","[24158587.9552582, 23388211.83826135, 23169589.241092555, 375364.08340096555]","[24337840.42715595, 23388211.83826135, 23169589.241092555, 375364.08340096555]","[24333267.740262035, 23388211.83826135, 23169589.241092555, 375364.08340096555]","[24312379.030813325, 23388211.83826135, 23169589.241092555, 375364.08340096555]","[24252517.83762484, 23388211.83826135, 23169589.241092555, 375364.08340096555]","[24270211.047578365, 23388211.83826135, 23169589.241092555, 375364.08340096555]","[24157971.030234337, 23388211.83826135, 23169589.241092555, 375364.08340096555]","[24373424.966133982, 23388211.83826135, 23169589.241092555, 375364.08340096555]","[24248620.804395802, 23388211.83826135, 23169589.241092555, 375364.08340096555]","[24941679.656110656, 23388211.83826135, 23169589.241092555, 375364.08340096555]","[24511291.307963908, 23388211.83826135, 23169589.241092555, 375364.08340096555]","[24192090.610692833, 23388211.83826135, 23169589.241092555, 375364.08340096555]","[24222013.682043735, 23388211.83826135, 23169589.241092555, 375364.08340096555]","[24423984.776256055, 23388211.83826135, 23169589.241092555, 375364.08340096555]","[24176115.390127372, 23388211.83826135, 23169589.241092555, 375364.08340096555]","[24449701.976934284, 23388211.83826135, 23169589.241092555, 375364.08340096555]","[24249053.703386568, 23388211.83826135, 23169589.241092555, 375364.08340096555]","[24213338.653262284, 23388211.83826135, 23169589.241092555, 375364.08340096555]","[24180163.288742583, 23388211.83826135, 23169589.241092555, 375364.08340096555]","[24214087.96113846, 23388211.83826135, 23169589.241092555, 375364.08340096555]","[24591760.724459317, 23388211.83826135, 23169589.241092555, 375364.08340096555]","[24430720.01021116, 23388211.83826135, 23169589.241092555, 375364.08340096555]","[24268338.053690065, 23388211.83826135, 23169589.241092555, 375364.08340096555]","[24465284.530807015, 23388211.83826135, 23169589.241092555, 375364.08340096555]","[24183311.116278842, 23388211.83826135, 23169589.241092555, 375364.08340096555]","[24287765.729238987, 23388211.83826135, 23169589.241092555, 375364.08340096555]","[24164560.008082815, 23388211.83826135, 23169589.241092555, 375364.08340096555]","[24285413.73156001, 23388211.83826135, 23169589.241092555, 375364.08340096555]","[24453149.335687514, 23388211.83826135, 23169589.241092555, 375364.08340096555]","[24280451.154548973, 23388211.83826135, 23169589.241092555, 375364.08340096555]","[24295837.03226008, 23388211.83826135, 23169589.241092555, 375364.08340096555]","[24418453.40364189, 23388211.83826135, 23169589.241092555, 375364.08340096555]","[24356662.310449295, 23388211.83826135, 23169589.241092555, 375364.08340096555]","[24484000.880944453, 23388211.83826135, 23169589.241092555, 375364.08340096555]","[24443618.476350423, 23388211.83826135, 23169589.241092555, 375364.08340096555]","[24210735.48201631, 23388211.83826135, 23169589.241092555, 375364.08340096555]"
"[22538598.388397686, 21462437.252791647, 21232059.29561744, 382532.79829084396]","[22927603.361184422, 21462437.252791647, 21232059.29561744, 382532.79829084396]","[22687706.252060637, 21462437.252791647, 21232059.29561744, 382532.79829084396]","[22399208.90834073, 21462437.252791647, 21232059.29561744, 382532.79829084396]","[22678883.071789447, 21462437.252791647, 21232059.29561744, 382532.79829084396]","[22502153.55909337, 21462437.252791647, 21232059.29561744, 382532.79829084396]","[22385394.41410623, 21462437.252791647, 21232059.29561744, 382532.79829084396]","[22653879.409043334, 21462437.252791647, 21232059.29561744, 382532.79829084396]","[22440762.56179203, 21462437.252791647, 21232059.29561744, 382532.79829084396]","[22592377.995655265, 21462437.252791647, 21232059.29561744, 382532.79829084396]","[22276708.99493678, 21462437.252791647, 21232059.29561744, 382532.79829084396]","[22443001.258733034, 21462437.252791647, 21232059.29561744, 382532.79829084396]","[22424736.479217894, 21462437.252791647, 21232059.29561744, 382532.79829084396]","[22651813.18603242, 21462437.252791647, 21232059.29561744, 382532.79829084396]","[23186926.401048277, 21462437.252791647, 21232059.29561744, 382532.79829084396]","[22619529.38969004, 21462437.252791647, 21232059.29561744, 382532.79829084396]","[22812374.086648047, 21462437.252791647, 21232059.29561744, 382532.79829084396]","[22537028.33859675, 21462437.252791647, 21232059.29561744, 382532.79829084396]","[22770575.42688063, 21462437.252791647, 21232059.29561744, 382532.79829084396]","[22465082.839543547, 21462437.252791647, 21232059.29561744, 382532.79829084396]","[22759869.491234194, 21462437.252791647, 21232059.29561744, 382532.79829084396]","[22394440.184274346, 21462437.252791647, 21232059.29561744, 382532.79829084396]","[22768777.994552363, 21462437.252791647, 21232059.29561744, 382532.79829084396]","[22314493.214182097, 21462437.252791647, 21232059.29561744, 382532.79829084396]","[22626959.929618236, 21462437.252791647, 21232059.29561744, 382532.79829084396]","[22465375.393700764, 21462437.252791647, 21232059.29561744, 382532.79829084396]","[22596628.84274366, 21462437.252791647, 21232059.29561744, 382532.79829084396]","[22526300.770504937, 21462437.252791647, 21232059.29561744, 382532.79829084396]","[22616280.551820356, 21462437.252791647, 21232059.29561744, 382532.79829084396]","[22734727.71742688, 21462437.252791647, 21232059.29561744, 382532.79829084396]","[22437699.421839338, 21462437.252791647, 21232059.29561744, 382532.79829084396]","[22584202.700264487, 21462437.252791647, 21232059.29561744, 382532.79829084396]","[22714554.71152639, 21462437.252791647, 21232059.29561744, 382532.79829084396]","[22570374.12714628, 21462437.252791647, 21232059.29561744, 382532.79829084396]","[22711502.82089664, 21462437.252791647, 21232059.29561744, 382532.79829084396]","[22338174.49137122, 21462437.252791647, 21232059.29561744, 382532.79829084396]","[22527356.80675191, 21462437.252791647, 21232059.29561744, 382532.79829084396]","[22356545.186664615, 21462437.252791647, 21232059.29561744, 382532.79829084396]","[22570686.70753062, 21462437.252791647, 21232059.29561744, 382532.79829084396]","[22411237.040197488, 21462437.252791647, 21232059.29561744, 382532.79829084396]","[22552236.533439152, 21462437.252791647, 21232059.29561744, 382532.79829084396]","[22641677.580770645, 21462437.252791647, 21232059.29561744, 382532.79829084396]","[22620419.803256545, 21462437.252791647, 21232059.29561744, 382532.79829084396]","[22706412.542280275, 21462437.252791647, 21232059.29561744, 382532.79829084396]","[22412420.13182719, 21462437.252791647, 21232059.29561744, 382532.79829084396]","[22595407.089847244, 21462437.252791647, 21232059.29561744, 382532.79829084396]","[22672900.73013817, 21462437.252791647, 21232059.29561744, 382532.79829084396]","[22440108.82849084, 21462437.252791647, 21232059.29561744, 382532.79829084396]","[22584713.50629328, 21462437.252791647, 21232059.29561744, 382532.79829084396]","[22514107.895734, 21462437.252791647, 21232059.29561744, 382532.79829084396]"
"[24695908.93147775, 23647762.504825573, 23435912.026791826, 373244.44889334985]","[24454643.1529936, 23647762.504825573, 23435912.026791826, 373244.44889334985]","[24574307.6802065, 23647762.504825573, 23435912.026791826, 373244.44889334985]","[24753442.47628767, 23647762.504825573, 23435912.026791826, 373244.44889334985]","[24573775.860672224, 23647762.504825573, 23435912.026791826, 373244.44889334985]","[24509996.180206534, 23647762.504825573, 23435912.026791826, 373244.44889334985]","[24403512.744464513, 23647762.504825573, 23435912.026791826, 373244.44889334985]","[24602254.45940063, 23647762.504825573, 23435912.026791826, 373244.44889334985]","[24539028.916226942, 23647762.504825573, 23435912.026791826, 373244.44889334985]","[24719716.091812577, 23647762.504825573, 23435912.026791826, 373244.44889334985]","[24515463.81727978, 23647762.504825573, 23435912.026791826, 373244.44889334985]","[24672407.85005412, 23647762.504825573, 23435912.026791826, 373244.44889334985]","[24551568.489798438, 23647762.504825573, 23435912.026791826, 373244.44889334985]","[24545882.105141558, 23647762.504825573, 23435912.026791826, 373244.44889334985]","[24419599.791753702, 23647762.504825573, 23435912.026791826, 373244.44889334985]","[24627473.63144651, 23647762.504825573, 23435912.026791826, 373244.44889334985]","[24574364.526521508, 23647762.504825573, 23435912.026791826, 373244.44889334985]","[24627254.930555787, 23647762.504825573, 23435912.026791826, 373244.44889334985]","[24648003.30507838, 23647762.504825573, 23435912.026791826, 373244.44889334985]","[24525744.04713835, 23647762.504825573, 23435912.026791826, 373244.44889334985]","[24378793.977916826, 23647762.504825573, 23435912.026791826, 373244.44889334985]","[24435000.973715667, 23647762.504825573, 23435912.026791826, 373244.44889334985]","[24571858.590204224, 23647762.504825573, 23435912.026791826, 373244.44889334985]","[24728753.957899705, 23647762.504825573, 23435912.026791826, 373244.44889334985]","[24527286.941467773, 23647762.504825573, 23435912.026791826, 373244.44889334985]","[24659095.121995047, 23647762.504825573, 23435912.026791826, 373244.44889334985]","[24485236.99638732, 23647762.504825573, 23435912.026791826, 373244.44889334985]","[24503849.36189488, 23647762.504825573, 23435912.026791826, 373244.44889334985]","[24863340.041092657, 23647762.504825573, 23435912.026791826, 373244.44889334985]","[24577104.881015107, 23647762.504825573, 23435912.026791826, 373244.44889334985]","[24729288.303418946, 23647762.504825573, 23435912.026791826, 373244.44889334985]","[24691198.728132214, 23647762.504825573, 23435912.026791826, 373244.44889334985]","[24603199.59397271, 23647762.504825573, 23435912.026791826, 373244.44889334985]","[24533048.549382098, 23647762.504825573, 23435912.026791826, 373244.44889334985]","[24589370.655691482, 23647762.504825573, 23435912.026791826, 373244.44889334985]","[24539576.223164003, 23647762.504825573, 23435912.026791826, 373244.44889334985]","[24593968.159811877, 23647762.504825573, 23435912.026791826, 373244.44889334985]","[24623156.038987033, 23647762.504825573, 23435912.026791826, 373244.44889334985]","[24628361.007602066, 23647762.504825573, 23435912.026791826, 373244.44889334985]","[24771510.537033252, 23647762.504825573, 23435912.026791826, 373244.44889334985]","[24509500.066257417, 23647762.504825573, 23435912.026791826, 373244.44889334985]","[24661361.919751246, 23647762.504825573, 23435912.026791826, 373244.44889334985]","[24504164.471378017, 23647762.504825573, 23435912.026791826, 373244.44889334985]","[24562181.07513039, 23647762.504825573, 23435912.026791826, 373244.44889334985]","[24435735.344506495, 23647762.504825573, 23435912.026791826, 373244.44889334985]","[24653467.200085215, 23647762.504825573, 23435912.026791826, 373244.44889334985]","[24585174.396507647, 23647762.504825573, 23435912.026791826, 373244.44889334985]","[24600043.674540017, 23647762.504825573, 23435912.026791826, 373244.44889334985]","[24409635.282633148, 23647762.504825573, 23435912.026791826, 373244.44889334985]","[24615733.528403666, 23647762.504825573, 23435912.026791826, 373244.44889334985]"
"[23577251.327378098, 22728654.2867912, 22504692.76815797, 378812.34231542243]","[23381474.718693614, 22728654.2867912, 22504692.76815797, 378812.34231542243]","[23480040.938871402, 22728654.2867912, 22504692.76815797, 378812.34231542243]","[23935218.895467956, 22728654.2867912, 22504692.76815797, 378812.34231542243]","[23637623.5914576, 22728654.2867912, 22504692.76815797, 378812.34231542243]","[23579253.863715794, 22728654.2867912, 22504692.76815797, 378812.34231542243]","[23655121.755940955, 22728654.2867912, 22504692.76815797, 378812.34231542243]","[23584570.52767018, 22728654.2867912, 22504692.76815797, 378812.34231542243]","[23610894.06614583, 22728654.2867912, 22504692.76815797, 378812.34231542243]","[23622930.94365731, 22728654.2867912, 22504692.76815797, 378812.34231542243]","[23993398.59337211, 22728654.2867912, 22504692.76815797, 378812.34231542243]","[23483598.328178838, 22728654.2867912, 22504692.76815797, 378812.34231542243]","[23496298.410326086, 22728654.2867912, 22504692.76815797, 378812.34231542243]","[24076222.20212453, 22728654.2867912, 22504692.76815797, 378812.34231542243]","[23501916.64940458, 22728654.2867912, 22504692.76815797, 378812.34231542243]","[23451769.497515015, 22728654.2867912, 22504692.76815797, 378812.34231542243]","[23719659.48778424, 22728654.2867912, 22504692.76815797, 378812.34231542243]","[23799204.768270638, 22728654.2867912, 22504692.76815797, 378812.34231542243]","[23617458.975384846, 22728654.2867912, 22504692.76815797, 378812.34231542243]","[23565044.62824836, 22728654.2867912, 22504692.76815797, 378812.34231542243]","[23639518.141555194, 22728654.2867912, 22504692.76815797, 378812.34231542243]","[23645052.866412383, 22728654.2867912, 22504692.76815797, 378812.34231542243]","[23621859.606308125, 22728654.2867912, 22504692.76815797, 378812.34231542243]","[23548213.03421999, 22728654.2867912, 22504692.76815797, 378812.34231542243]","[23451701.884751726, 22728654.2867912, 22504692.76815797, 378812.34231542243]","[23486055.08857961, 22728654.2867912, 22504692.76815797, 378812.34231542243]","[23489967.88114722, 22728654.2867912, 22504692.76815797, 378812.34231542243]","[23432589.918848768, 22728654.2867912, 22504692.76815797, 378812.34231542243]","[23493131.120725725, 22728654.2867912, 22504692.76815797, 378812.34231542243]","[23453541.35887635, 22728654.2867912, 22504692.76815797, 378812.34231542243]","[23605935.421307113, 22728654.2867912, 22504692.76815797, 378812.34231542243]","[23464082.477188885, 22728654.2867912, 22504692.76815797, 378812.34231542243]","[23698168.020582978, 22728654.2867912, 22504692.76815797, 378812.34231542243]","[23785623.34289043, 22728654.2867912, 22504692.76815797, 378812.34231542243]","[23338667.14736229, 22728654.2867912, 22504692.76815797, 378812.34231542243]","[23583634.267412238, 22728654.2867912, 22504692.76815797, 378812.34231542243]","[23663442.18871099, 22728654.2867912, 22504692.76815797, 378812.34231542243]","[23367076.927380074, 22728654.2867912, 22504692.76815797, 378812.34231542243]","[23492103.861194726, 22728654.2867912, 22504692.76815797, 378812.34231542243]","[23678036.19282103, 22728654.2867912, 22504692.76815797, 378812.34231542243]","[23734409.84518603, 22728654.2867912, 22504692.76815797, 378812.34231542243]","[23576800.53815986, 22728654.2867912, 22504692.76815797, 378812.34231542243]","[23340647.645982627, 22728654.2867912, 22504692.76815797, 378812.34231542243]","[23565823.83812964, 22728654.2867912, 22504692.76815797, 378812.34231542243]","[23521090.764739458, 22728654.2867912, 22504692.76815797, 378812.34231542243]","[23478983.909031693, 22728654.2867912, 22504692.76815797, 378812.34231542243]","[23596208.518301286, 22728654.2867912, 22504692.76815797, 378812.34231542243]","[23508486.30481715, 22728654.2867912, 22504692.76815797, 378812.34231542243]","[23530869.65320404, 22728654.2867912, 22504692.76815797, 378812.34231542243]","[23642993.208879482, 22728654.2867912, 22504692.76815797, 378812.34231542243]"
"[24095377.74721232, 22922483.357132077, 22697485.503414698, 388181.4918384104]","[24068661.29011806, 22922483.357132077, 22697485.503414698, 388181.4918384104]","[24526778.25383954, 22922483.357132077, 22697485.503414698, 388181.4918384104]","[24045931.334651325, 22922483.357132077, 22697485.503414698, 388181.4918384104]","[24301738.57240343, 22922483.357132077, 22697485.503414698, 388181.4918384104]","[24186474.53116457, 22922483.357132077, 22697485.503414698, 388181.4918384104]","[23953691.09474218, 22922483.357132077, 22697485.503414698, 388181.4918384104]","[24127563.00842443, 22922483.357132077, 22697485.503414698, 388181.4918384104]","[24252070.071437385, 22922483.357132077, 22697485.503414698, 388181.4918384104]","[24288545.971865006, 22922483.357132077, 22697485.503414698, 388181.4918384104]","[24419036.519621275, 22922483.357132077, 22697485.503414698, 388181.4918384104]","[24210211.001567233, 22922483.357132077, 22697485.503414698, 388181.4918384104]","[24202532.353996806, 22922483.357132077, 22697485.503414698, 388181.4918384104]","[24038606.286075983, 22922483.357132077, 22697485.503414698, 388181.4918384104]","[23938115.35821941, 22922483.357132077, 22697485.503414698, 388181.4918384104]","[24134992.3727211, 22922483.357132077, 22697485.503414698, 388181.4918384104]","[24171798.740932073, 22922483.357132077, 22697485.503414698, 388181.4918384104]","[23961500.668543816, 22922483.357132077, 22697485.503414698, 388181.4918384104]","[24129134.112820443, 22922483.357132077, 22697485.503414698, 388181.4918384104]","[24130900.666770525, 22922483.357132077, 22697485.503414698, 388181.4918384104]","[24030103.88870512, 22922483.357132077, 22697485.503414698, 388181.4918384104]","[23874285.500523053, 22922483.357132077, 22697485.503414698, 388181.4918384104]","[24009018.50335125, 22922483.357132077, 22697485.503414698, 388181.4918384104]","[24252797.829869837, 22922483.357132077, 22697485.503414698, 388181.4918384104]","[23888049.08539853, 22922483.357132077, 22697485.503414698, 388181.4918384104]","[24171500.840700917, 22922483.357132077, 22697485.503414698, 388181.4918384104]","[24195465.93125839, 22922483.357132077, 22697485.503414698, 388181.4918384104]","[24086432.365269475, 22922483.357132077, 22697485.503414698, 388181.4918384104]","[24344779.916321024, 22922483.357132077, 22697485.503414698, 388181.4918384104]","[24052735.617446452, 22922483.357132077, 22697485.503414698, 388181.4918384104]","[24097819.159273807, 22922483.357132077, 22697485.503414698, 388181.4918384104]","[24284589.995304216, 22922483.357132077, 22697485.503414698, 388181.4918384104]","[24283378.74592796, 22922483.357132077, 22697485.503414698, 388181.4918384104]","[24218298.801165592, 22922483.357132077, 22697485.503414698, 388181.4918384104]","[24305171.65140639, 22922483.357132077, 22697485.503414698, 388181.4918384104]","[24021762.875722107, 22922483.357132077, 22697485.503414698, 388181.4918384104]","[24106981.8345514, 22922483.357132077, 22697485.503414698, 388181.4918384104]","[24207822.89370623, 22922483.357132077, 22697485.503414698, 388181.4918384104]","[24296538.77080709, 22922483.357132077, 22697485.503414698, 388181.4918384104]","[24396138.441948894, 22922483.357132077, 22697485.503414698, 388181.4918384104]","[23959555.57724759, 22922483.357132077, 22697485.503414698, 388181.4918384104]","[24051892.103744783, 22922483.357132077, 22697485.503414698, 388181.4918384104]","[23997677.41381722, 22922483.357132077, 22697485.503414698, 388181.4918384104]","[24041252.17714713, 22922483.357132077, 22697485.503414698, 388181.4918384104]","[23989657.56115783, 22922483.357132077, 22697485.503414698, 388181.4918384104]","[24395339.322373312, 22922483.357132077, 22697485.503414698, 388181.4918384104]","[24168518.65355607, 22922483.357132077, 22697485.503414698, 388181.4918384104]","[24042049.05227525, 22922483.357132077, 22697485.503414698, 388181.4918384104]","[24301442.09396893, 22922483.357132077, 22697485.503414698, 388181.4918384104]","[24026686.72797263, 22922483.357132077, 22697485.503414698, 388181.4918384104]"
"[23338822.803819858, 22428328.09849587, 22203182.635799143, 384051.61802082724]","[23415612.12145615, 22428328.09849587, 22203182.635799143, 384051.61802082724]","[23532915.250750065, 22428328.09849587, 22203182.635799143, 384051.61802082724]","[23474156.063616086, 22428328.09849587, 22203182.635799143, 384051.61802082724]","[23482953.47349725, 22428328.09849587, 22203182.635799143, 384051.61802082724]","[23426552.829220753, 22428328.09849587, 22203182.635799143, 384051.61802082724]","[23340172.412135553, 22428328.09849587, 22203182.635799143, 384051.61802082724]","[23225385.211532462, 22428328.09849587, 22203182.635799143, 384051.61802082724]","[23473319.539564565, 22428328.09849587, 22203182.635799143, 384051.61802082724]","[23499515.47562112, 22428328.09849587, 22203182.635799143, 384051.61802082724]","[23709175.89849106, 22428328.09849587, 22203182.635799143, 384051.61802082724]","[23674508.57445551, 22428328.09849587, 22203182.635799143, 384051.61802082724]","[23555808.98449486, 22428328.09849587, 22203182.635799143, 384051.61802082724]","[23379849.47687305, 22428328.09849587, 22203182.635799143, 384051.61802082724]","[23336559.65304504, 22428328.09849587, 22203182.635799143, 384051.61802082724]","[23379669.583836455, 22428328.09849587, 22203182.635799143, 384051.61802082724]","[23352010.9117551, 22428328.09849587, 22203182.635799143, 384051.61802082724]","[23484383.483333047, 22428328.09849587, 22203182.635799143, 384051.61802082724]","[23235631.867542353, 22428328.09849587, 22203182.635799143, 384051.61802082724]","[23911966.947042376, 22428328.09849587, 22203182.635799143, 384051.61802082724]","[23480238.006758522, 22428328.09849587, 22203182.635799143, 384051.61802082724]","[23379186.948422078, 22428328.09849587, 22203182.635799143, 384051.61802082724]","[23497613.392587323, 22428328.09849587, 22203182.635799143, 384051.61802082724]","[23377973.3053353, 22428328.09849587, 22203182.635799143, 384051.61802082724]","[23407084.4241583, 22428328.09849587, 22203182.635799143, 384051.61802082724]","[23419527.847935326, 22428328.09849587, 22203182.635799143, 384051.61802082724]","[23600029.287536893, 22428328.09849587, 22203182.635799143, 384051.61802082724]","[23487672.84987094, 22428328.09849587, 22203182.635799143, 384051.61802082724]","[23245737.466291487, 22428328.09849587, 22203182.635799143, 384051.61802082724]","[23319208.78022935, 22428328.09849587, 22203182.635799143, 384051.61802082724]","[23426346.90249589, 22428328.09849587, 22203182.635799143, 384051.61802082724]","[23443153.80597307, 22428328.09849587, 22203182.635799143, 384051.61802082724]","[23487096.673387565, 22428328.09849587, 22203182.635799143, 384051.61802082724]","[23347991.86501109, 22428328.09849587, 22203182.635799143, 384051.61802082724]","[23538667.538773376, 22428328.09849587, 22203182.635799143, 384051.61802082724]","[23566469.85733736, 22428328.09849587, 22203182.635799143, 384051.61802082724]","[23692281.609136492, 22428328.09849587, 22203182.635799143, 384051.61802082724]","[23610165.092560723, 22428328.09849587, 22203182.635799143, 384051.61802082724]","[23689134.25932179, 22428328.09849587, 22203182.635799143, 384051.61802082724]","[23388282.784595437, 22428328.09849587, 22203182.635799143, 384051.61802082724]","[23429043.82925905, 22428328.09849587, 22203182.635799143, 384051.61802082724]","[23466831.250639204, 22428328.09849587, 22203182.635799143, 384051.61802082724]","[23454863.893768426, 22428328.09849587, 22203182.635799143, 384051.61802082724]","[23344999.66761398, 22428328.09849587, 22203182.635799143, 384051.61802082724]","[23317115.430468936, 22428328.09849587, 22203182.635799143, 384051.61802082724]","[23570271.6391722, 22428328.09849587, 22203182.635799143, 384051.61802082724]","[23381546.488234147, 22428328.09849587, 22203182.635799143, 384051.61802082724]","[23619773.021095496, 22428328.09849587, 22203182.635799143, 384051.61802082724]","[23446397.98298336, 22428328.09849587, 22203182.635799143, 384051.61802082724]","[23296887.154590577, 22428328.09849587, 22203182.635799143, 384051.61802082724]"
"[23677047.030289914, 22963922.8589458, 22761813.82451378, 365089.7656436178]","[23750046.194524966, 22963922.8589458, 22761813.82451378, 365089.7656436178]","[23571317.491354756, 22963922.8589458, 22761813.82451378, 365089.7656436178]","[23722351.218597535, 22963922.8589458, 22761813.82451378, 365089.7656436178]","[23788127.578611422, 22963922.8589458, 22761813.82451378, 365089.7656436178]","[23975597.123956684, 22963922.8589458, 22761813.82451378, 365089.7656436178]","[23802474.18363046, 22963922.8589458, 22761813.82451378, 365089.7656436178]","[23869381.043680623, 22963922.8589458, 22761813.82451378, 365089.7656436178]","[24118829.07331755, 22963922.8589458, 22761813.82451378, 365089.7656436178]","[23858704.126863535, 22963922.8589458, 22761813.82451378, 365089.7656436178]","[23946204.999295913, 22963922.8589458, 22761813.82451378, 365089.7656436178]","[23732794.442638576, 22963922.8589458, 22761813.82451378, 365089.7656436178]","[23924823.408178058, 22963922.8589458, 22761813.82451378, 365089.7656436178]","[23813770.812447593, 22963922.8589458, 22761813.82451378, 365089.7656436178]","[23676091.49397265, 22963922.8589458, 22761813.82451378, 365089.7656436178]","[23757871.4781328, 22963922.8589458, 22761813.82451378, 365089.7656436178]","[23852196.009290922, 22963922.8589458, 22761813.82451378, 365089.7656436178]","[23727135.890092976, 22963922.8589458, 22761813.82451378, 365089.7656436178]","[23907358.52877653, 22963922.8589458, 22761813.82451378, 365089.7656436178]","[24063341.00500923, 22963922.8589458, 22761813.82451378, 365089.7656436178]","[23841078.65350871, 22963922.8589458, 22761813.82451378, 365089.7656436178]","[23784054.94013858, 22963922.8589458, 22761813.82451378, 365089.7656436178]","[23761711.997922886, 22963922.8589458, 22761813.82451378, 365089.7656436178]","[23804666.17948317, 22963922.8589458, 22761813.82451378, 365089.7656436178]","[23949977.90770957, 22963922.8589458, 22761813.82451378, 365089.7656436178]","[24111952.065396216, 22963922.8589458, 22761813.82451378, 365089.7656436178]","[23764366.87216392, 22963922.8589458, 22761813.82451378, 365089.7656436178]","[23830349.9675341, 22963922.8589458, 22761813.82451378, 365089.7656436178]","[23666333.65252256, 22963922.8589458, 22761813.82451378, 365089.7656436178]","[23707888.782678284, 22963922.8589458, 22761813.82451378, 365089.7656436178]","[23884750.022974405, 22963922.8589458, 22761813.82451378, 365089.7656436178]","[23712508.958359633, 22963922.8589458, 22761813.82451378, 365089.7656436178]","[24399174.24978693, 22963922.8589458, 22761813.82451378, 365089.7656436178]","[23720335.263573725, 22963922.8589458, 22761813.82451378, 365089.7656436178]","[23863263.74890342, 22963922.8589458, 22761813.82451378, 365089.7656436178]","[23789233.522901412, 22963922.8589458, 22761813.82451378, 365089.7656436178]","[23841627.754246257, 22963922.8589458, 22761813.82451378, 365089.7656436178]","[24019448.288567647, 22963922.8589458, 22761813.82451378, 365089.7656436178]","[24018308.997573707, 22963922.8589458, 22761813.82451378, 365089.7656436178]","[24044295.84314547, 22963922.8589458, 22761813.82451378, 365089.7656436178]","[24038192.741345227, 22963922.8589458, 22761813.82451378, 365089.7656436178]","[23863200.122921944, 22963922.8589458, 22761813.82451378, 365089.7656436178]","[23950907.60613066, 22963922.8589458, 22761813.82451378, 365089.7656436178]","[23856935.495233465, 22963922.8589458, 22761813.82451378, 365089.7656436178]","[23653871.78612826, 22963922.8589458, 22761813.82451378, 365089.7656436178]","[24096252.285453543, 22963922.8589458, 22761813.82451378, 365089.7656436178]","[24208266.08667247, 22963922.8589458, 22761813.82451378, 365089.7656436178]","[23974097.079898007, 22963922.8589458, 22761813.82451378, 365089.7656436178]","[24002203.07104759, 22963922.8589458, 22761813.82451378, 365089.7656436178]","[23884789.741519477, 22963922.8589458, 22761813.82451378, 365089.7656436178]"
"[24075358.567704946, 22814475.26341845, 22592675.205090635, 381373.1692572659]","[24120096.13442468, 22814475.26341845, 22592675.205090635, 381373.1692572659]","[24008949.606244706, 22814475.26341845, 22592675.205090635, 381373.1692572659]","[23748398.11462184, 22814475.26341845, 22592675.205090635, 381373.1692572659]","[23896558.693455245, 22814475.26341845, 22592675.205090635, 381373.1692572659]","[24697640.965870347, 22814475.26341845, 22592675.205090635, 381373.1692572659]","[23992103.665224515, 22814475.26341845, 22592675.205090635, 381373.1692572659]","[23919053.79888814, 22814475.26341845, 22592675.205090635, 381373.1692572659]","[23705211.220968604, 22814475.26341845, 22592675.205090635, 381373.1692572659]","[23662603.580307484, 22814475.26341845, 22592675.205090635, 381373.1692572659]","[24121085.236738328, 22814475.26341845, 22592675.205090635, 381373.1692572659]","[23653974.16915389, 22814475.26341845, 22592675.205090635, 381373.1692572659]","[24024000.22027034, 22814475.26341845, 22592675.205090635, 381373.1692572659]","[23767720.619681966, 22814475.26341845, 22592675.205090635, 381373.1692572659]","[23925304.622658998, 22814475.26341845, 22592675.205090635, 381373.1692572659]","[24154665.945494447, 22814475.26341845, 22592675.205090635, 381373.1692572659]","[23907060.599548142, 22814475.26341845, 22592675.205090635, 381373.1692572659]","[23816309.82075718, 22814475.26341845, 22592675.205090635, 381373.1692572659]","[23999280.951637078, 22814475.26341845, 22592675.205090635, 381373.1692572659]","[23599098.131966088, 22814475.26341845, 22592675.205090635, 381373.1692572659]","[23803049.716300003, 22814475.26341845, 22592675.205090635, 381373.1692572659]","[23913439.51540126, 22814475.26341845, 22592675.205090635, 381373.1692572659]","[23816372.71833637, 22814475.26341845, 22592675.205090635, 381373.1692572659]","[24104130.390434474, 22814475.26341845, 22592675.205090635, 381373.1692572659]","[23943636.364723884, 22814475.26341845, 22592675.205090635, 381373.1692572659]","[23838356.347738083, 22814475.26341845, 22592675.205090635, 381373.1692572659]","[23757898.11173007, 22814475.26341845, 22592675.205090635, 381373.1692572659]","[24101128.540854935, 22814475.26341845, 22592675.205090635, 381373.1692572659]","[23879720.833331812, 22814475.26341845, 22592675.205090635, 381373.1692572659]","[23924893.565586578, 22814475.26341845, 22592675.205090635, 381373.1692572659]","[23693011.302063838, 22814475.26341845, 22592675.205090635, 381373.1692572659]","[24152823.168781817, 22814475.26341845, 22592675.205090635, 381373.1692572659]","[23854495.258448355, 22814475.26341845, 22592675.205090635, 381373.1692572659]","[23695284.096901424, 22814475.26341845, 22592675.205090635, 381373.1692572659]","[23755650.339043684, 22814475.26341845, 22592675.205090635, 381373.1692572659]","[23801677.80961998, 22814475.26341845, 22592675.205090635, 381373.1692572659]","[24051400.01281615, 22814475.26341845, 22592675.205090635, 381373.1692572659]","[24139369.333617836, 22814475.26341845, 22592675.205090635, 381373.1692572659]","[23748951.66987496, 22814475.26341845, 22592675.205090635, 381373.1692572659]","[23969404.01268164, 22814475.26341845, 22592675.205090635, 381373.1692572659]","[23670672.555093184, 22814475.26341845, 22592675.205090635, 381373.1692572659]","[24083081.423466675, 22814475.26341845, 22592675.205090635, 381373.1692572659]","[23961257.65435412, 22814475.26341845, 22592675.205090635, 381373.1692572659]","[24052561.352868766, 22814475.26341845, 22592675.205090635, 381373.1692572659]","[24349413.495513264, 22814475.26341845, 22592675.205090635, 381373.1692572659]","[23917986.887223016, 22814475.26341845, 22592675.205090635, 381373.1692572659]","[23681596.51947848, 22814475.26341845, 22592675.205090635, 381373.1692572659]","[24338900.266768597, 22814475.26341845, 22592675.205090635, 381373.1692572659]","[23762553.461114567, 22814475.26341845, 22592675.205090635, 381373.1692572659]","[23821388.930138502, 22814475.26341845, 22592675.205090635, 381373.1692572659]"
"[24284487.810889088, 22712642.184725836, 22473644.121384963, 393518.8037347237]","[24078799.898926623, 22712642.184725836, 22473644.121384963, 393518.8037347237]","[23922122.379469723, 22712642.184725836, 22473644.121384963, 393518.8037347237]","[23827016.475779396, 22712642.184725836, 22473644.121384963, 393518.8037347237]","[23792647.545931626, 22712642.184725836, 22473644.121384963, 393518.8037347237]","[23703821.22478406, 22712642.184725836, 22473644.121384963, 393518.8037347237]","[24211674.709201846, 22712642.184725836, 22473644.121384963, 393518.8037347237]","[23849367.4374282, 22712642.184725836, 22473644.121384963, 393518.8037347237]","[23719358.914712306, 22712642.184725836, 22473644.121384963, 393518.8037347237]","[23984814.640992302, 22712642.184725836, 22473644.121384963, 393518.8037347237]","[24082909.596756335, 22712642.184725836, 22473644.121384963, 393518.8037347237]","[24029049.890443653, 22712642.184725836, 22473644.121384963, 393518.8037347237]","[23796947.45616351, 22712642.184725836, 22473644.121384963, 393518.8037347237]","[23889781.98383163, 22712642.184725836, 22473644.121384963, 393518.8037347237]","[23746418.398082573, 22712642.184725836, 22473644.121384963, 393518.8037347237]","[23816507.89657318, 22712642.184725836, 22473644.121384963, 393518.8037347237]","[23969182.665683314, 22712642.184725836, 22473644.121384963, 393518.8037347237]","[24277849.676520355, 22712642.184725836, 22473644.121384963, 393518.8037347237]","[23915690.12968151, 22712642.184725836, 22473644.121384963, 393518.8037347237]","[23994176.207866956, 22712642.184725836, 22473644.121384963, 393518.8037347237]","[23937162.87525413, 22712642.184725836, 22473644.121384963, 393518.8037347237]","[24215497.67145278, 22712642.184725836, 22473644.121384963, 393518.8037347237]","[24022149.62799622, 22712642.184725836, 22473644.121384963, 393518.8037347237]","[23799972.043203447, 22712642.184725836, 22473644.121384963, 393518.8037347237]","[23818457.564390533, 22712642.184725836, 22473644.121384963, 393518.8037347237]","[24009703.542394277, 22712642.184725836, 22473644.121384963, 393518.8037347237]","[23691468.884136736, 22712642.184725836, 22473644.121384963, 393518.8037347237]","[23732707.744999427, 22712642.184725836, 22473644.121384963, 393518.8037347237]","[24280153.90608501, 22712642.184725836, 22473644.121384963, 393518.8037347237]","[23822005.640700616, 22712642.184725836, 22473644.121384963, 393518.8037347237]","[24403081.365148503, 22712642.184725836, 22473644.121384963, 393518.8037347237]","[23902851.37692763, 22712642.184725836, 22473644.121384963, 393518.8037347237]","[23949338.614016116, 22712642.184725836, 22473644.121384963, 393518.8037347237]","[23791652.039395653, 22712642.184725836, 22473644.121384963, 393518.8037347237]","[23896556.28315364, 22712642.184725836, 22473644.121384963, 393518.8037347237]","[23899731.672583688, 22712642.184725836, 22473644.121384963, 393518.8037347237]","[23976522.078874547, 22712642.184725836, 22473644.121384963, 393518.8037347237]","[23977938.67105732, 22712642.184725836, 22473644.121384963, 393518.8037347237]","[24016106.703239687, 22712642.184725836, 22473644.121384963, 393518.8037347237]","[23875972.55969974, 22712642.184725836, 22473644.121384963, 393518.8037347237]","[24230113.96317554, 22712642.184725836, 22473644.121384963, 393518.8037347237]","[23594910.44756768, 22712642.184725836, 22473644.121384963, 393518.8037347237]","[24012702.400244858, 22712642.184725836, 22473644.121384963, 393518.8037347237]","[24007375.791218895, 22712642.184725836, 22473644.121384963, 393518.8037347237]","[24092159.956150603, 22712642.184725836, 22473644.121384963, 393518.8037347237]","[23771985.608107463, 22712642.184725836, 22473644.121384963, 393518.8037347237]","[24037117.03459948, 22712642.184725836, 22473644.121384963, 393518.8037347237]","[23949467.258830603, 22712642.184725836, 22473644.121384963, 393518.8037347237]","[23795254.991711766, 22712642.184725836, 22473644.121384963, 393518.8037347237]","[23786170.915074445, 22712642.184725836, 22473644.121384963, 393518.8037347237]"
"[23658067.807959203, 22828458.451725725, 22610598.137982387, 379618.78177375766]","[23779898.904295262, 22828458.451725725, 22610598.137982387, 379618.78177375766]","[23611333.27363812, 22828458.451725725, 22610598.137982387, 379618.78177375766]","[23790397.41957269, 22828458.451725725, 22610598.137982387, 379618.78177375766]","[23677802.504164353, 22828458.451725725, 22610598.137982387, 379618.78177375766]","[23595900.17664726, 22828458.451725725, 22610598.137982387, 379618.78177375766]","[23972308.473988496, 22828458.451725725, 22610598.137982387, 379618.78177375766]","[23614590.98205275, 22828458.451725725, 22610598.137982387, 379618.78177375766]","[23624535.871068683, 22828458.451725725, 22610598.137982387, 379618.78177375766]","[23627493.834437747, 22828458.451725725, 22610598.137982387, 379618.78177375766]","[23783989.146883775, 22828458.451725725, 22610598.137982387, 379618.78177375766]","[23652016.44027465, 22828458.451725725, 22610598.137982387, 379618.78177375766]","[23627806.827831723, 22828458.451725725, 22610598.137982387, 379618.78177375766]","[23603057.22862578, 22828458.451725725, 22610598.137982387, 379618.78177375766]","[23765287.366609134, 22828458.451725725, 22610598.137982387, 379618.78177375766]","[23744830.514788408, 22828458.451725725, 22610598.137982387, 379618.78177375766]","[23698402.214810263, 22828458.451725725, 22610598.137982387, 379618.78177375766]","[23943869.651657708, 22828458.451725725, 22610598.137982387, 379618.78177375766]","[23761286.431351908, 22828458.451725725, 22610598.137982387, 379618.78177375766]","[23686394.11898268, 22828458.451725725, 22610598.137982387, 379618.78177375766]","[23624874.66793793, 22828458.451725725, 22610598.137982387, 379618.78177375766]","[23706801.43481775, 22828458.451725725, 22610598.137982387, 379618.78177375766]","[24098051.238962777, 22828458.451725725, 22610598.137982387, 379618.78177375766]","[23852506.659382287, 22828458.451725725, 22610598.137982387, 379618.78177375766]","[23730625.133691978, 22828458.451725725, 22610598.137982387, 379618.78177375766]","[23761791.88219087, 22828458.451725725, 22610598.137982387, 379618.78177375766]","[23761398.497015093, 22828458.451725725, 22610598.137982387, 379618.78177375766]","[24091259.96688731, 22828458.451725725, 22610598.137982387, 379618.78177375766]","[24081391.099003296, 22828458.451725725, 22610598.137982387, 379618.78177375766]","[23692771.610079136, 22828458.451725725, 22610598.137982387, 379618.78177375766]","[23612009.75281759, 22828458.451725725, 22610598.137982387, 379618.78177375766]","[23949933.56998237, 22828458.451725725, 22610598.137982387, 379618.78177375766]","[23776281.330147192, 22828458.451725725, 22610598.137982387, 379618.78177375766]","[23687073.5684286, 22828458.451725725, 22610598.137982387, 379618.78177375766]","[23803208.47022236, 22828458.451725725, 22610598.137982387, 379618.78177375766]","[24124633.245034385, 22828458.451725725, 22610598.137982387, 379618.78177375766]","[23730150.943877917, 22828458.451725725, 22610598.137982387, 379618.78177375766]","[23816328.46645916, 22828458.451725725, 22610598.137982387, 379618.78177375766]","[23706286.886186007, 22828458.451725725, 22610598.137982387, 379618.78177375766]","[23825550.391058408, 22828458.451725725, 22610598.137982387, 379618.78177375766]","[23639451.488539327, 22828458.451725725, 22610598.137982387, 379618.78177375766]","[23866054.2210229, 22828458.451725725, 22610598.137982387, 379618.78177375766]","[23572361.31873137, 22828458.451725725, 22610598.137982387, 379618.78177375766]","[23968500.382683713, 22828458.451725725, 22610598.137982387, 379618.78177375766]","[23909056.985860348, 22828458.451725725, 22610598.137982387, 379618.78177375766]","[23778578.218918283, 22828458.451725725, 22610598.137982387, 379618.78177375766]","[23861990.750629976, 22828458.451725725, 22610598.137982387, 379618.78177375766]","[23539866.372231103, 22828458.451725725, 22610598.137982387, 379618.78177375766]","[23908958.538833223, 22828458.451725725, 22610598.137982387, 379618.78177375766]","[23671520.89070421, 22828458.451725725, 22610598.137982387, 379618.78177375766]"
"[25312181.751960576, 23853841.88242315, 23587932.989874214, 407934.85299206036]","[25000443.71747255, 23853841.88242315, 23587932.989874214, 407934.85299206036]","[25593040.574788965, 23853841.88242315, 23587932.989874214, 407934.85299206036]","[25098752.903355755, 23853841.88242315, 23587932.989874214, 407934.85299206036]","[25403384.875136945, 23853841.88242315, 23587932.989874214, 407934.85299206036]","[25154734.841260683, 23853841.88242315, 23587932.989874214, 407934.85299206036]","[25276208.08974745, 23853841.88242315, 23587932.989874214, 407934.85299206036]","[25233573.72608952, 23853841.88242315, 23587932.989874214, 407934.85299206036]","[25542661.825819157, 23853841.88242315, 23587932.989874214, 407934.85299206036]","[25257325.528916813, 23853841.88242315, 23587932.989874214, 407934.85299206036]","[25344885.9475572, 23853841.88242315, 23587932.989874214, 407934.85299206036]","[25295540.00334381, 23853841.88242315, 23587932.989874214, 407934.85299206036]","[25570423.380180784, 23853841.88242315, 23587932.989874214, 407934.85299206036]","[25296162.07243043, 23853841.88242315, 23587932.989874214, 407934.85299206036]","[25138391.646955628, 23853841.88242315, 23587932.989874214, 407934.85299206036]","[25634774.951267958, 23853841.88242315, 23587932.989874214, 407934.85299206036]","[25389385.373527355, 23853841.88242315, 23587932.989874214, 407934.85299206036]","[25849611.553691436, 23853841.88242315, 23587932.989874214, 407934.85299206036]","[25497093.041802514, 23853841.88242315, 23587932.989874214, 407934.85299206036]","[25164837.553868514, 23853841.88242315, 23587932.989874214, 407934.85299206036]","[25350447.4415207, 23853841.88242315, 23587932.989874214, 407934.85299206036]","[25343128.886608656, 23853841.88242315, 23587932.989874214, 407934.85299206036]","[25283352.451105192, 23853841.88242315, 23587932.989874214, 407934.85299206036]","[25040645.60554562, 23853841.88242315, 23587932.989874214, 407934.85299206036]","[25508523.24150932, 23853841.88242315, 23587932.989874214, 407934.85299206036]","[25491833.072842825, 23853841.88242315, 23587932.989874214, 407934.85299206036]","[25282774.034039535, 23853841.88242315, 23587932.989874214, 407934.85299206036]","[25553532.778240275, 23853841.88242315, 23587932.989874214, 407934.85299206036]","[25470741.3516978, 23853841.88242315, 23587932.989874214, 407934.85299206036]","[25065180.23773935, 23853841.88242315, 23587932.989874214, 407934.85299206036]","[25979544.81839711, 23853841.88242315, 23587932.989874214, 407934.85299206036]","[25329990.001232393, 23853841.88242315, 23587932.989874214, 407934.85299206036]","[25012690.893248696, 23853841.88242315, 23587932.989874214, 407934.85299206036]","[25220739.209280163, 23853841.88242315, 23587932.989874214, 407934.85299206036]","[25421603.063586727, 23853841.88242315, 23587932.989874214, 407934.85299206036]","[25223515.602117326, 23853841.88242315, 23587932.989874214, 407934.85299206036]","[25351786.042666998, 23853841.88242315, 23587932.989874214, 407934.85299206036]","[25483997.0502377, 23853841.88242315, 23587932.989874214, 407934.85299206036]","[25576368.106276676, 23853841.88242315, 23587932.989874214, 407934.85299206036]","[25431719.452800848, 23853841.88242315, 23587932.989874214, 407934.85299206036]","[25040603.03858219, 23853841.88242315, 23587932.989874214, 407934.85299206036]","[25524382.426951997, 23853841.88242315, 23587932.989874214, 407934.85299206036]","[25637488.10156172, 23853841.88242315, 23587932.989874214, 407934.85299206036]","[25581897.951617427, 23853841.88242315, 23587932.989874214, 407934.85299206036]","[25298569.243705206, 23853841.88242315, 23587932.989874214, 407934.85299206036]","[25461552.134180393, 23853841.88242315, 23587932.989874214, 407934.85299206036]","[25152959.230306376, 23853841.88242315, 23587932.989874214, 407934.85299206036]","[25519457.74757208, 23853841.88242315, 23587932.989874214, 407934.85299206036]","[25426097.351159897, 23853841.88242315, 23587932.989874214, 407934.85299206036]","[25402727.624585032, 23853841.88242315, 23587932.989874214, 407934.85299206036]"
